0.000000000000000000e+00
0.000000000000000000e+00
3.389469387582897397e+00
3.499361022813723743e+00
3.623972873585272314e+00
3.720661285353069392e+00
3.790000018732156750e+00
3.838604765260783758e+00
3.872626758107115208e+00
3.896718189982417258e+00
3.914131550572156559e+00
3.927071080093008426e+00
3.937009529600660862e+00
3.944924548184754798e+00
3.951463949615636739e+00
3.957056499158599028e+00
3.961986791553757659e+00
3.966443612231399740e+00
3.970553012673867066e+00
3.974399579976989116e+00
3.978040386233322678e+00
3.981514572136286123e+00
3.984849526069228265e+00
3.988064730690424664e+00
3.991174471807589885e+00
3.994189696393452671e+00
3.997119011274432587e+00
3.999969550604266733e+00
4.002747283177167326e+00
4.005457413558439761e+00
4.008104571023316076e+00
4.010693013164265075e+00
4.013226547899638064e+00
4.015708735798886764e+00
4.018142774897996539e+00
4.020531744592274137e+00
4.022878472754498169e+00
4.025185515910558287e+00
4.027455373986509990e+00
4.029690332670325503e+00
4.031892426397248208e+00
4.034063629612103519e+00
4.036205777098899716e+00
4.038320581616749116e+00
4.040409585076637278e+00
4.042474208587869988e+00
4.044515891881315994e+00
4.046535918537558452e+00
4.048535377284584236e+00
4.050515426388068718e+00
4.052477085416060554e+00
4.054421303505510998e+00
4.056348990979567581e+00
4.058260999615389331e+00
4.060158074257716798e+00
4.062040988270036124e+00
4.063910423454015763e+00
4.065767035839578547e+00
4.067611363518745193e+00
4.069444052819848778e+00
4.071265611268065854e+00
4.073076538934716773e+00
4.074877351242784940e+00
4.076668461889413564e+00
4.078450287967022803e+00
4.080223235951255134e+00
4.081987690109391664e+00
4.083744026740053101e+00
4.085492584972445052e+00
4.087233595625686888e+00
4.088967499482448531e+00
4.090694514795975678e+00
4.092414870869802712e+00
4.094128888253199428e+00
4.095836809039596460e+00
4.097538895449138963e+00
4.099235321993084824e+00
4.100926314955693819e+00
4.102612046005778446e+00
4.104292755475730914e+00
4.105968638821851258e+00
4.107639817609677557e+00
4.109306537457574571e+00
4.110968874156685438e+00
4.112627006578837729e+00
4.114281099497283378e+00
4.115931331712752161e+00
4.117577732928062062e+00
4.119220538536176868e+00
4.120859792012491418e+00
4.122495659402244605e+00
4.124128196009208658e+00
4.125757595531149846e+00
4.127383935440056995e+00
4.129007257647851148e+00
4.130627742694327864e+00
4.132245437762414930e+00
4.133860381503369652e+00
4.135472766085422691e+00
4.137082586285129260e+00
4.138689995337131222e+00
4.140294967734557297e+00
4.141897659130080456e+00
4.143498139123073187e+00
4.145096443016356602e+00
4.146692653339657753e+00
4.148286794754781681e+00
4.149879001113654375e+00
4.151469261352687568e+00
4.153057648325709117e+00
4.154644259143315033e+00
4.156229095052863087e+00
4.157812240650678781e+00
4.159393707136371354e+00
4.160973574506377837e+00
4.162551911622894174e+00
4.164128692667169673e+00
4.165704015383505876e+00
4.167277864485973815e+00
4.168850373263595088e+00
4.170421547290526831e+00
4.171991332992616819e+00
4.173559877428006715e+00
4.175127104912310649e+00
4.176693146446853078e+00
4.178258107958899181e+00
4.179821887470091646e+00
4.181384495276951441e+00
4.182946024934069307e+00
4.184506489222700409e+00
4.186065905267308374e+00
4.187624341521326343e+00
4.189181792775324098e+00
4.190738351152850427e+00
4.192293892027310953e+00
4.193848567375121128e+00
4.195402320100091842e+00
4.196955278350410268e+00
4.198507327238071518e+00
4.200058603533468826e+00
4.201609062559192864e+00
4.203158767285116504e+00
4.204707714914843741e+00
4.206255875897765506e+00
4.207803424356363564e+00
4.209350105181031587e+00
4.210896273346691032e+00
4.212441663879083364e+00
4.213986466797086550e+00
4.215530492542023389e+00
4.217074115954462243e+00
4.218616910778916207e+00
4.220159176550694724e+00
4.221701006357599262e+00
4.223242199954228226e+00
4.224782824359027522e+00
4.226322811361779230e+00
4.227862363520328515e+00
4.229401320733750858e+00
4.230939950538098238e+00
4.232477801992475364e+00
4.234015377259925828e+00
4.235552472760247156e+00
4.237089035032406414e+00
4.238625184801708023e+00
4.240160889906348096e+00
4.241696098449973640e+00
4.243230995784842641e+00
4.244765378469051775e+00
4.246299454893248893e+00
4.247833082322432396e+00
4.249366249158193831e+00
4.250899054695676860e+00
4.252431521325315877e+00
4.253963585220924770e+00
4.255495265601783039e+00
4.257026656300670453e+00
4.258557705292275841e+00
4.260088430204992171e+00
4.261618731568272089e+00
4.263148754312715560e+00
4.264678315876892611e+00
4.266207779264478361e+00
4.267736808287804884e+00
4.269265548255503973e+00
4.270793977779109518e+00
4.272322099440815535e+00
4.273849910129570162e+00
4.275377457019469141e+00
4.276904703251526385e+00
4.278431672034079369e+00
4.279958393646616344e+00
4.281484823553962649e+00
4.283010954270736192e+00
4.284536779189732414e+00
4.286058659705787477e+00
4.287583909781962355e+00
4.289108846981267043e+00
4.290633584415100898e+00
4.292157922494673095e+00
4.293682357244741787e+00
4.295205935962007615e+00
4.296729977451059668e+00
4.298253329749787355e+00
4.299776540869852504e+00
4.301299524536184471e+00
4.302822136785815488e+00
4.304344721946906205e+00
4.305866819820518110e+00
4.307388938125467526e+00
4.308910590607617941e+00
4.310432277760101627e+00
4.311953733691074930e+00
4.313474665621104265e+00
4.314995453841722117e+00
4.316516242813827731e+00
4.318036574917875292e+00
4.319556818888358407e+00
4.321076534776670641e+00
4.322596304131974598e+00
4.324115773874553703e+00
4.325635038631187257e+00
4.327153826989085239e+00
4.328672753847605748e+00
4.330191304028717880e+00
4.331709584501012955e+00
4.333227806333512788e+00
4.334745305094811485e+00
4.336263407685722271e+00
4.337780770598787861e+00
4.339298013379243812e+00
4.340814913678157971e+00
4.342331539840952992e+00
4.343848051690565093e+00
4.345364244843745283e+00
4.346880520240570256e+00
4.348395789994769167e+00
4.349927122775300248e+00
4.351442555282195812e+00
4.352957625857752255e+00
4.354472563719676614e+00
4.355987116369192336e+00
4.357501432411101661e+00
4.359015454684928237e+00
4.360529227415607778e+00
4.362042686073667852e+00
4.363555782852870379e+00
4.365069005113999978e+00
4.366581546899162447e+00
4.368094086103360141e+00
4.369606525217105464e+00
4.371118002555780535e+00
4.372629949317997422e+00
4.374141196478636751e+00
4.375652043673157188e+00
4.377163003412789521e+00
4.378673419646644582e+00
4.380183677471164216e+00
4.381693371301708773e+00
4.383203280410205238e+00
4.384712438896120723e+00
4.386221239096753877e+00
4.387729971172968035e+00
4.389238167685854286e+00
4.390746078964068211e+00
4.392253840101987272e+00
4.393761019909380394e+00
4.395268295145146276e+00
4.396774877628533140e+00
4.398281123988038388e+00
4.399786771737271174e+00
4.401292738471275889e+00
4.402798417547503007e+00
4.404303237242022107e+00
4.405807712746185878e+00
4.407311370549300555e+00
4.408815580757215358e+00
4.410318788258237532e+00
4.411822050177597987e+00
4.413324445948641817e+00
4.414826704608910468e+00
4.416328772861498386e+00
4.417829821840138393e+00
4.419330693611388305e+00
4.420831709768823892e+00
4.422331526140503399e+00
4.423831546820959026e+00
4.425330766849703501e+00
4.426829926133525106e+00
4.428336272104388627e+00
4.429834331287421989e+00
4.431331951218377974e+00
4.432829128478904757e+00
4.434325796693292077e+00
4.435822017942737894e+00
4.437317681162923577e+00
4.438812892007074851e+00
4.440307956324995864e+00
4.441802384103790580e+00
4.443296222603875023e+00
4.444788745728995849e+00
4.446281397323922135e+00
4.447774481838891347e+00
4.449266163774935556e+00
4.450757485191298102e+00
4.452247890945081110e+00
4.453737676331243733e+00
4.455227132902970233e+00
4.456715976235474663e+00
4.458204265218800089e+00
4.459691881619693987e+00
4.461178641837984848e+00
4.462665210929774418e+00
4.464151095578848150e+00
4.465636261267579066e+00
4.467120633777503791e+00
4.468604585459475587e+00
4.470087528146267530e+00
4.471570110227284012e+00
4.473051948934299915e+00
4.474533154010737590e+00
4.476013445339877883e+00
4.477493065876421596e+00
4.478972004968654552e+00
4.480450770019481332e+00
4.481928299711324115e+00
4.483405055215032853e+00
4.484881263390961159e+00
4.486356214468722570e+00
4.487831044596486407e+00
4.489304888496342016e+00
4.490777381516124045e+00
4.492249775299935521e+00
4.493721201804286025e+00
4.495191436507930405e+00
4.496661291862392495e+00
4.498129892006232033e+00
4.499598173588004180e+00
4.501065021373331199e+00
4.502531283124357131e+00
4.503996519430618406e+00
4.505461243297240514e+00
4.506924439411366556e+00
4.508387198179218736e+00
4.509848947015305143e+00
4.511309411941245351e+00
4.512768888399036449e+00
4.514228011632719806e+00
4.515685729710743779e+00
4.517142005778802982e+00
4.518597953430482761e+00
4.520052788749255868e+00
4.521506399870571791e+00
4.522959108406540807e+00
4.524410762732521185e+00
4.525860850871131547e+00
4.527310313572557199e+00
4.528758708157893054e+00
4.530206342592189017e+00
4.531652490939041655e+00
4.533096935664923777e+00
4.534540519759181265e+00
4.535983109962550941e+00
4.537424805879912704e+00
4.538864734443111892e+00
4.540303533389264956e+00
4.541741570578086140e+00
4.543177879271605768e+00
4.544613160359944892e+00
4.546046948907311425e+00
4.547479642443785330e+00
4.548911125271405176e+00
4.550340779197972196e+00
4.551769388016279727e+00
4.553196746400275607e+00
4.554622858418628795e+00
4.556046998410795190e+00
4.557470117413006783e+00
4.558891616695255777e+00
4.560312213795341130e+00
4.561730935229825867e+00
4.563148403175770085e+00
4.564564161585640711e+00
4.565978300613748431e+00
4.567391346866986446e+00
4.568802733056901211e+00
4.570212620999919650e+00
4.571620660311666029e+00
4.573027157005596699e+00
4.574431914136426691e+00
4.575835414749705343e+00
4.577237004134164344e+00
4.578637256500979191e+00
4.580035587360493210e+00
4.581431974667352414e+00
4.582827174357150923e+00
4.584220367577770183e+00
4.585611506754356803e+00
4.587000759850818454e+00
4.588388612454975757e+00
4.589774988030015379e+00
4.591158794026358514e+00
4.592541408932636848e+00
4.593921622523266635e+00
4.595300301782818231e+00
4.596676999669740304e+00
4.598051323766333631e+00
4.599424094719169354e+00
4.600794667905931945e+00
4.602163368259370557e+00
4.603530151141020710e+00
4.604894818459246864e+00
4.606257294243706113e+00
4.607617656049802335e+00
4.608975821276333207e+00
4.610332035161062159e+00
4.611685917670317991e+00
4.613037761298780737e+00
4.614387564929934626e+00
4.615734665527664760e+00
4.617079838386900725e+00
4.618422933211948411e+00
4.619763324021262996e+00
4.621101758333673537e+00
4.622437427585862402e+00
4.623770673074111492e+00
4.625102038527338699e+00
4.626430791346098026e+00
4.627756889405018725e+00
4.629080581315939469e+00
4.630401578587229672e+00
4.631720811149415695e+00
4.633036946640394227e+00
4.634350174919682708e+00
4.635661254697619249e+00
4.636969501096664281e+00
4.638275349208730525e+00
4.639578204726345412e+00
4.640878250006838179e+00
4.642176055140095237e+00
4.643470828582253240e+00
4.644762972109542254e+00
4.646052098313771417e+00
4.647338589789459462e+00
4.648621958247025177e+00
4.649902581876330210e+00
4.651180280789445121e+00
4.652455124587488555e+00
4.653726800035106415e+00
4.654995305133224015e+00
4.656238126379280473e+00
4.657523608081934441e+00
4.658783112027204965e+00
4.660016473744146737e+00
4.661292669447596460e+00
4.662542718346604609e+00
4.663789365015913013e+00
4.665009892786272871e+00
4.666273169859800340e+00
4.667487004601603928e+00
4.668720555991151322e+00
4.669973836767685960e+00
4.671177558956333797e+00
4.672423878791874152e+00
4.673620692968299295e+00
4.674860158629448925e+00
4.676049908811786615e+00
4.677281981418750512e+00
4.678464875272744017e+00
4.679689595982243766e+00
4.680865271361545510e+00
4.682059864775639291e+00
4.683250806459767546e+00
4.684437980554754688e+00
4.685621229739830973e+00
4.686823785273160681e+00
4.687976407499188092e+00
4.689148163091181765e+00
4.690315948069376795e+00
4.691479690120393009e+00
4.692639568962397867e+00
4.693795337637565623e+00
4.694946992495903970e+00
4.696094559058976436e+00
4.697238035121535482e+00
4.698377276738566088e+00
4.699512233518068349e+00
4.700642981990453606e+00
4.701792270408978958e+00
4.702891600591999399e+00
4.704009334344927851e+00
4.705122661631888192e+00
4.706231574493026315e+00
4.707335969893637007e+00
4.708435907041691237e+00
4.709531197340948161e+00
4.710621933192266297e+00
4.711708039609515453e+00
4.712789537144163710e+00
4.713866265017273349e+00
4.714938178383532019e+00
4.716005390863919011e+00
4.717067800423312640e+00
4.718125290612906753e+00
4.719177896508074177e+00
4.720225490565207238e+00
4.721268162321035966e+00
4.722305812341383024e+00
4.723338383133904195e+00
4.724365852179723824e+00
4.725388181623325856e+00
4.726405301277551096e+00
4.727417268473242729e+00
4.728423859551593722e+00
4.729425140713711784e+00
4.730421168666999243e+00
4.731411714925888745e+00
4.732396890627945218e+00
4.733376588945487740e+00
4.734350757936702792e+00
4.735319408994729251e+00
4.736282404231958232e+00
4.737239737299896447e+00
4.738191458110856402e+00
4.739137361299134099e+00
4.740077546299418465e+00
4.741011937005856325e+00
4.741940437704254663e+00
4.742863079190649422e+00
4.743779767229194810e+00
4.744690480559561330e+00
4.745595166833425083e+00
4.746493764416848116e+00
4.747386274836766340e+00
4.748272585062713880e+00
4.749152705952932152e+00
4.750026595698215282e+00
4.750894193778770536e+00
4.751755436284391898e+00
4.752610397106107776e+00
4.753458870185338192e+00
4.754300878024055876e+00
4.755136456477579543e+00
4.755965353563448517e+00
4.756787675569836615e+00
4.757603413086195943e+00
4.758412486677022102e+00
4.759214725141627689e+00
4.760010267721778376e+00
4.760799066712014138e+00
4.761580878152044782e+00
4.762355859144628667e+00
4.763123819607343101e+00
4.763884813490374626e+00
4.764638758419357245e+00
4.765385704651900589e+00
4.766125454556992658e+00
4.766858004631114198e+00
4.767583375049014194e+00
4.768301502014323567e+00
4.769012264931136613e+00
4.769715674850062648e+00
4.770411736701097638e+00
4.771100296788810979e+00
4.771781403829180590e+00
4.772455098086710201e+00
4.773121039878667204e+00
4.773779372557079625e+00
4.774430170417957697e+00
4.775073108743367101e+00
4.775708517501358052e+00
4.776335848841683607e+00
4.776955562819473755e+00
4.777567327567857625e+00
4.778171113056146169e+00
4.778767008104990666e+00
4.779354808164586466e+00
4.779934643309025510e+00
4.780506335984532562e+00
4.781069926640709511e+00
4.781625196506080755e+00
4.782172345012305925e+00
4.782711208392766089e+00
4.783241761913029855e+00
4.783763935506731180e+00
4.784277723646578551e+00
4.784783047877521511e+00
4.785279898392370335e+00
4.785768301813725145e+00
4.786248031960186999e+00
4.786719141822786128e+00
4.787181678568879661e+00
4.787635531145983947e+00
4.788080586223471435e+00
4.788516991396225109e+00
4.788944477659246246e+00
4.789363131815048469e+00
4.789772902720554448e+00
4.790173738074629206e+00
4.790565628546842092e+00
4.790948498261617949e+00
4.791322232360243127e+00
4.791687050901290768e+00
4.792042575124076720e+00
4.792389074366284696e+00
4.792726337218718768e+00
4.793054272288158835e+00
4.793373054637729780e+00
4.793682498052755037e+00
4.793982550830677702e+00
4.794273285966943909e+00
4.794554532514234246e+00
4.794826397980096466e+00
4.795088746996245987e+00
4.795341573676681790e+00
4.795584890601602090e+00
4.795818600892599370e+00
4.796042662850624083e+00
4.796257092462402838e+00
4.796461839525364645e+00
4.796656860350714702e+00
4.796842199959367115e+00
4.797017660844966613e+00
4.797183335573346419e+00
4.797339190594313685e+00
4.797485172514783791e+00
4.797621280904306396e+00
4.797747448407096549e+00
4.797863730761753764e+00
4.797969946400710839e+00
4.798066126179283408e+00
4.798152426447585661e+00
4.798228486844272389e+00
4.798294578313353043e+00
4.798350516520224041e+00
4.798396356582382616e+00
4.798432023270562397e+00
4.798457512822923654e+00
4.798472836735465208e+00
4.798477867845377887e+00
4.798472679234355276e+00
4.798457248486175608e+00
4.798431523991652625e+00
4.798395465062694321e+00
4.798349128007184383e+00
4.798292432557744291e+00
4.798225349947645491e+00
4.798147927134580826e+00
4.798060089606448919e+00
4.797961970369198248e+00
4.797853234396034949e+00
4.797734276521740782e+00
4.797604662561314903e+00
4.797464751874561451e+00
4.797314231223291259e+00
4.797153278252855202e+00
4.796981897327107447e+00
4.796799911581377529e+00
4.796607524279743018e+00
4.796404554740175463e+00
4.796191032744328453e+00
4.795967038182805453e+00
4.795732430083345932e+00
4.795487312214678610e+00
4.795231634750237504e+00
4.794965462528804068e+00
4.794688661109193895e+00
4.794401350934238693e+00
4.794103434202401814e+00
4.793794917473022998e+00
4.793475972204529256e+00
4.793146298153602380e+00
4.792806253686861417e+00
4.792455565563363606e+00
4.792094383105393263e+00
4.791722553257335093e+00
4.791340234924445163e+00
4.790947351940673116e+00
4.790544047520414850e+00
4.790130116830857432e+00
4.789705666231766301e+00
4.789270765691569842e+00
4.788825338591630398e+00
4.788369437933600814e+00
4.787903106990344604e+00
4.787426330671472385e+00
4.786939097265705101e+00
4.786441416142253047e+00
4.785933359051600000e+00
4.785414845823093621e+00
4.784885991003840822e+00
4.784346856423735694e+00
4.783797204748015730e+00
4.783237424434282126e+00
4.782667256369598441e+00
4.782086820799352544e+00
4.781496182890147217e+00
4.780895279051989633e+00
4.780284109320167119e+00
4.779662873863939510e+00
4.779031441287678206e+00
4.778389820219820727e+00
4.777738110865088039e+00
4.777076452224192415e+00
4.776404764612844467e+00
4.775722995214456645e+00
4.775031291744222806e+00
4.774329544531902059e+00
4.773617980257922611e+00
4.772896539891323897e+00
4.772165208154581784e+00
4.771424207816109764e+00
4.770673366216030331e+00
4.769912745892137096e+00
4.769142602311521983e+00
4.768362625192923865e+00
4.767573071022026099e+00
4.766774092837126275e+00
4.765965540023961999e+00
4.765147463714881404e+00
4.764320018443393145e+00
4.763483058218196398e+00
4.762636913017566975e+00
4.761781403323388950e+00
4.760916665629827627e+00
4.760042723935625553e+00
4.759159663018393438e+00
4.758267434763435055e+00
4.757366254642851011e+00
4.756456039371186328e+00
4.755536846680292307e+00
4.754608848955711231e+00
4.753671955788768777e+00
4.752726323092029581e+00
4.751771949320599653e+00
4.750808893161281965e+00
4.749837241549295541e+00
4.748857126498757353e+00
4.747868443707259800e+00
4.746871275028145654e+00
4.745865853416474600e+00
4.744852144300544694e+00
4.743830043723988865e+00
4.742799908058908720e+00
4.741761557704340824e+00
4.740715200457364276e+00
4.739660838195482562e+00
4.738598579437841352e+00
4.737528517186651911e+00
4.736450617152212494e+00
4.735364937354704651e+00
4.734271678487453450e+00
4.733170792156514928e+00
4.732062491592722964e+00
4.730946583665363470e+00
4.729823403269398874e+00
4.728692943986671615e+00
4.727555268809909172e+00
4.726410414727379106e+00
4.725258428573030578e+00
4.724099458548655761e+00
4.722933622070130788e+00
4.721760841160074662e+00
4.720581369706612129e+00
4.719395142970976842e+00
4.718202286026762948e+00
4.717002853578932786e+00
4.715796996162509025e+00
4.714584708932185286e+00
4.713366134545010411e+00
4.712141270418355177e+00
4.710910287558109921e+00
4.709673267354486548e+00
4.708430201668955206e+00
4.707181224063451630e+00
4.705926411496827555e+00
4.704665814062416018e+00
4.703399545506695034e+00
4.702127750347835367e+00
4.700850409004435626e+00
4.699567626491531591e+00
4.698279498914486929e+00
4.696986093162661469e+00
4.695687538507089087e+00
4.694383935468542823e+00
4.693075226023275093e+00
4.691761676416269289e+00
4.690443209997559038e+00
4.689120071940534373e+00
4.687792214756043130e+00
4.686459868341735557e+00
4.685122831793614218e+00
4.683781525026711634e+00
4.682435834985526846e+00
4.681085841793481528e+00
4.679731899978232690e+00
4.678373712560125242e+00
4.677011591768378551e+00
4.675645538085372976e+00
4.674275729557874293e+00
4.672902163369843542e+00
4.671524940346669652e+00
4.670144212260643357e+00
4.668760039624669567e+00
4.667372440049772919e+00
4.665981557701607052e+00
4.664587425033555945e+00
4.663190197169960527e+00
4.661789920017533007e+00
4.660386757327348306e+00
4.658980716505679354e+00
4.657571910000402049e+00
4.656160290838041504e+00
4.654746190223982616e+00
4.653329518947166399e+00
4.651910442683473867e+00
4.650489071470690128e+00
4.649065323302506769e+00
4.647639538503272050e+00
4.646211529340127377e+00
4.644781536958217494e+00
4.643349578806944322e+00
4.641915857786879762e+00
4.640480470032024130e+00
4.639043361605362570e+00
4.637604546585222920e+00
4.636164269920183045e+00
4.634722684758894928e+00
4.633279681449205434e+00
4.631835411353557141e+00
4.630389965792175211e+00
4.628943430361254663e+00
4.627495964175932563e+00
4.626047449880783979e+00
4.624598138328571473e+00
4.623148123352007310e+00
4.621697205045315116e+00
4.620245851435442752e+00
4.618794078282419058e+00
4.617341575568298495e+00
4.615888853437247974e+00
4.614435885243910462e+00
4.612982605494727828e+00
4.611529229784784967e+00
4.610075727642652055e+00
4.608622342258279048e+00
4.607168999662166087e+00
4.605715802210840870e+00
4.604262871576244365e+00
4.602810257483781697e+00
4.601358065416303766e+00
4.599906286839035907e+00
4.598454996562764130e+00
4.597004320897640106e+00
4.595554386142032044e+00
4.594105124656002737e+00
4.592656831562314856e+00
4.591209248484617866e+00
4.589762749482188653e+00
4.588317236366547647e+00
4.586872807936237528e+00
4.585429622793760096e+00
4.583987442139497048e+00
4.582546761454691975e+00
4.581107438012797850e+00
4.579669443254607231e+00
4.578233002152225062e+00
4.576798109433158679e+00
4.575364879263415396e+00
4.573933414821814480e+00
4.572503393655667381e+00
4.571075479866718361e+00
4.569649346152901082e+00
4.568225192063021467e+00
4.566802897308675391e+00
4.565382793169702857e+00
4.563964671735118550e+00
4.562548860626303160e+00
4.561135229459270413e+00
4.559723799456404159e+00
4.558314787985181304e+00
4.556908245352511599e+00
4.555504030694782713e+00
4.554102374326228109e+00
4.552703226557039073e+00
4.551306704246965928e+00
4.549912867993355370e+00
4.548521765102575110e+00
4.547133443170711331e+00
4.545747963278828685e+00
4.544365399509167958e+00
4.542985576622775135e+00
4.541608789167615789e+00
4.540234990991073971e+00
4.538864245871369718e+00
4.537496639587418557e+00
4.536132224693794512e+00
4.534770965490913852e+00
4.533413001716340318e+00
4.532058251756857281e+00
4.530706908026042257e+00
4.529358790899123299e+00
4.528014258273301174e+00
4.526673119972301151e+00
4.525335391175724808e+00
4.524024767019844795e+00
4.522670737139500297e+00
4.521343850746863957e+00
4.520020519449419183e+00
4.518700894778125310e+00
4.517408234602375394e+00
4.516096237537926328e+00
4.514764697064555854e+00
4.513483593623539569e+00
4.512182959985973518e+00
4.510862739439248870e+00
4.509593404615690027e+00
4.508281069258130991e+00
4.506996216558603052e+00
4.505738618377595373e+00
4.504461801538081289e+00
4.503189183353270231e+00
4.501920771735576920e+00
4.500656331289843770e+00
4.499395442851294113e+00
4.498139536491144064e+00
4.496887560832678155e+00
4.495639902292088763e+00
4.494396666118384509e+00
4.493157593140181483e+00
4.491922495602231002e+00
4.490692635912208353e+00
4.489466149668945860e+00
4.488244614912527020e+00
4.487027875949441302e+00
4.485814872456239222e+00
4.484606413814504755e+00
4.483403163772835320e+00
4.482203273537467503e+00
4.481007832666394464e+00
4.479818444676912925e+00
4.478631951889045837e+00
4.477450796975465330e+00
4.476273601986796358e+00
4.475102305130094216e+00
4.473934344633706317e+00
4.472771637994984673e+00
4.471613358242409575e+00
4.470459682427174286e+00
4.469311065866448551e+00
4.468167285615802342e+00
4.467027351036577443e+00
4.465892563352920064e+00
4.464762721130516532e+00
4.463637272489912711e+00
4.462516353558929616e+00
4.461400630822558888e+00
4.460289435983448847e+00
4.459182892974917323e+00
4.458081750037080404e+00
4.456984864551155390e+00
4.455892132140757411e+00
4.454805784858327122e+00
4.453723316965465528e+00
4.452644914167379397e+00
4.451572445291969160e+00
4.450504499308006068e+00
4.449441397376067364e+00
4.448383222931517444e+00
4.447329538038763630e+00
4.446280828767097404e+00
4.445237080361016169e+00
4.444198172799578295e+00
4.443163858160481539e+00
4.442134675432020785e+00
4.441110231217004767e+00
4.440090609504494523e+00
4.439076074775493375e+00
4.438066059552242315e+00
4.437059439266057836e+00
4.436060958114519615e+00
4.435063849380945555e+00
4.434075013201139726e+00
4.433087909945736982e+00
4.432107130510392068e+00
4.431131236833739884e+00
4.430159958310819768e+00
4.429193886078230058e+00
4.428232392897724523e+00
4.427275851012386632e+00
4.426324075445257300e+00
4.425377087310654822e+00
4.424434960467892530e+00
4.423497647193893378e+00
4.422565098614878565e+00
4.421637374310168234e+00
4.420714442660600874e+00
4.419788038908064820e+00
4.418874522501167412e+00
4.417966156943471390e+00
4.417062300104850792e+00
