0 26.257503717824576
1 26.136807989744092
2 26.867133069370301
3 24.603559349889306
4 24.784921148282486
5 24.389737833063769
6 24.866515642519939
7 25.786345008074822
8 24.935960704474734
9 25.85409915552194
10 26.334408100659292
11 26.163448891664491
12 25.410644446576722
13 25.443786475846757
14 26.468625456042808
15 27.136388934033807
16 26.389767327846815
17 25.647393374583025
18 25.473309797760326
19 25.122560893251237
20 23.866639823152418
21 24.561863156803199
22 24.24548608782915
23 25.353198602529993
24 24.476705256886248
25 24.199721828017662
26 23.758015902613376
27 22.939225775653668
28 23.428199243478925
29 23.872104609738969
30 21.684247543211928
31 23.85403577174106
32 22.652395875275978
33 23.594179660213186
34 23.124021295472296
35 22.907453522079543
36 21.021109694993424
37 23.118144152325637
38 23.185861543630462
39 23.866846950672695
40 23.645104981658452
41 24.199984363439178
42 23.506890805842204
43 24.783098354412971
44 22.647390332585054
45 22.422647690478037
46 23.188609845833454
47 22.101369105827178
48 21.92782270616253
49 22.208834075697826
50 22.91187578095581
51 23.842639232191537
52 24.386757731913736
53 24.677932794726011
54 26.081600841804477
55 27.012989958900206
56 26.469173292447191
57 25.764239683917122
58 25.468791790043166
59 26.539464385478464
60 27.142272499736521
61 26.474375844657313
62 26.46489454738127
63 26.290942119559347
64 26.45423046573811
65 25.543798932361671
66 25.576947055815392
67 25.082982781060938
68 25.933243137399618
69 25.162711888462155
70 25.580737188628159
71 25.80119390605411
72 26.463843574775332
73 26.480471862581801
74 25.108036913311345
75 25.840159775159552
76 28.264641303224391
77 27.242184637109716
78 28.220273910328977
79 28.715891602912514
80 28.074819218246141
81 27.909571864645688
82 27.585023329974543
83 27.304815329535383
84 27.745388534854612
85 27.596946864124163
86 26.23709611507449
87 25.386334596787258
88 25.923253487630916
89 25.22648894018765
90 25.19993764943117
91 24.324240999789556
92 23.485109096980779
93 23.47522983585602
94 24.473601225157648
95 26.075090727753484
96 26.174366056071701
97 26.316394597918912
98 25.974871070683889
99 26.078942510270419
100 26.080059234915375
101 26.618547139454197
102 27.128433800246313
103 26.83369424372389
104 27.094482162510552
105 25.980046838317037
106 26.628944509833161
107 26.202524948474693
108 26.372259316262245
109 26.301983099644829
110 26.645029198411045
111 26.370950466345583
112 26.414785069817874
113 27.100825025323804
114 26.206195483727988
115 25.396660962323221
116 26.893198854746448
117 27.304334662632385
118 26.909760518290806
119 25.820277550748923
120 25.14126522500769
121 26.433749022004182
122 25.910207853328618
123 26.909453187121386
124 26.791988578727469
125 25.405073154823633
126 25.390271536413415
127 24.247821558584132
128 24.814007723154418
129 24.602415976789825
130 24.758456627744931
131 24.084042099650492
132 25.305615455232957
133 25.908211936798487
134 25.462887737058328
135 25.295809211018184
136 24.672614015705257
137 26.002147953689398
138 25.971266443120218
139 26.648405163054733
140 27.162278232620025
141 28.109810038309316
142 27.049971337611037
143 27.040806522501907
144 26.101401767498231
145 26.925192353299607
146 26.628731479410892
147 26.347223475142233
148 29.541023693156522
149 29.130897711692711
150 28.567035238391053
151 28.252283988418966
152 28.493410235874716
153 28.393875559157564
154 27.754702603756567
155 28.392241780523825
156 29.737835649262482
157 29.933294766275935
158 29.535854743498046
159 29.047070536268144
160 27.976577905600372
161 30.457322941398573
162 31.212018875130891
163 30.634202387961668
164 32.4198437138052
165 30.636695716546839
166 30.392012065784794
167 30.71818270808124
168 30.807874101812114
169 31.346703841285816
170 29.894314958028726
171 32.440685017246068
172 31.256607260066641
173 31.917748255190592
174 32.37072442837357
175 32.615127423415764
176 31.290181628905415
177 32.364837679135185
178 32.216567598359752
179 32.51201990829454
180 33.256516120636128
181 32.727068154507116
182 32.533380910484475
183 32.294528215330466
184 32.85365460490361
185 32.080821888546026
186 31.256534944477593
187 31.933379720511663
188 32.249133867526737
189 31.954581517173217
190 32.439889017121814
191 31.836171031294711
192 31.541111790782988
193 32.009278257711138
194 33.45333870917365
195 33.713136216340835
196 32.419303395660364
197 33.216217737632533
198 32.697790880551239
199 33.87043912903718
200 33.960407736239631
201 33.748778827712471
202 34.176380171333527
203 32.89774385722977
204 34.070158820265746
205 33.949831815137053
206 34.332115495099615
207 33.119246738100209
208 32.540466270455219
209 32.234783746037543
210 33.399313916854197
211 33.09700821289767
212 32.051681196213757
213 32.45721471208045
214 31.709892835576078
215 31.938134486542658
216 32.364637103485322
217 32.387015216385272
218 33.042479513957275
219 33.138463907632087
220 33.143844878277278
221 31.923689717118084
222 31.717943560116804
223 31.610996014252056
224 30.559349428470124
225 30.796266188322914
226 30.939934915749845
227 31.620674172900291
228 30.289882250032694
229 30.462879678542635
230 30.684712446959217
231 31.011325584195333
232 31.889920428889734
233 32.159604738624914
234 31.496125933280677
235 32.208851167466378
236 32.045417535734707
237 30.703143200138285
238 29.563379503530022
239 30.814506192309633
240 29.785685215912135
241 28.749330029954635
242 28.845412830405522
243 28.693653746753242
244 28.213186703382984
245 28.554127661743948
246 28.121260237293942
247 28.312518064476333
248 28.261387769633313
249 28.329991002341913
250 27.856252385602303
251 27.668977476305354
252 26.188297355306894
253 26.328575046190657
254 27.235150748717299
255 27.558223509101289
256 27.3539744656713
257 27.545454028013733
258 27.721236337718295
259 27.111624399107338
260 28.220430855247521
261 28.904145074634705
262 28.829894265159833
263 28.18269533693686
264 28.354206692580938
265 28.619568617319544
266 27.747086969629262
267 28.763388359888019
268 28.388235769475806
269 28.24839209403698
270 29.042549936237691
271 29.769917005245347
272 29.806194568597888
273 28.512225806738567
274 29.050723268749021
275 26.518467137917519
276 25.73816112671237
277 26.096302426465268
278 27.343565653351977
279 27.256796391758726
280 26.500243175996744
281 26.122817488389902
282 26.213710947564337
283 26.480141994504734
284 27.38155459980468
285 28.257348830100252
286 29.512807308497912
287 29.289774529720411
288 30.339140299242807
289 30.880906720605957
290 30.018796029326694
291 28.326423978032299
292 29.558608693169948
293 29.85400369740611
294 29.771474479340345
295 29.928785224313494
296 30.451312423725224
297 30.730856107887618
298 29.892160331753328
299 29.602840721326928
300 28.767591230968659
301 29.153502084836543
302 29.552776390325008
303 31.575531381864629
304 31.152596618325244
305 30.397970420985054
306 31.018538112685288
307 31.702001802587102
308 30.858748802773398
309 31.117363820879795
310 30.046487649535187
311 29.145990809681582
312 28.590452003229935
313 28.854531254695164
314 29.371909956953637
315 29.908696331702377
316 29.872726853932576
317 30.41165046337737
318 29.977192574324306
319 29.77176429078493
320 30.014576572303206
321 29.400091419365062
322 30.197574569801109
323 30.15533185707864
324 31.769793703385904
325 32.307644851688266
326 31.920445190937279
327 32.180383987624509
328 32.538188942511297
329 33.153854867557719
330 33.128800926212527
331 32.669153038572077
332 31.840241204520449
333 32.800058355756981
334 32.857465835392176
335 32.520136291835193
336 32.234885230175351
337 32.307709239991858
338 31.867639687088953
339 31.214183598540959
340 31.856401122564218
341 32.098383184899198
342 32.451595864983858
343 32.392774056210392
344 33.87675582970013
345 33.716916431255953
346 32.875765368665057
347 33.152904065509837
348 33.065028033158789
349 32.455231463425363
350 32.106919798068219
351 32.083503680257806
352 31.790878308071768
353 32.341469043118437
354 31.761832114956874
355 32.741712136032866
356 34.819250154389778
357 34.954964702539172
358 34.030041020838745
359 34.273702095757962
360 34.932140757684849
361 34.721135262783847
362 36.521840099667315
363 36.442383882902462
364 36.668787123889615
365 35.332936298531919
366 35.961797283739934
367 35.265669832081997
368 34.980409489152855
369 35.024203619230605
370 36.446096506442807
371 36.638889058085056
372 35.566969074664136
373 35.794159281310655
374 34.279299387613655
375 34.205160625971395
376 33.176569449572746
377 33.520822376377936
378 33.835686845654493
379 33.185430775725727
380 32.566450411665862
381 32.597070061829001
382 33.916418653701207
383 34.520575805670887
384 34.419617344456036
385 33.887964943987427
386 33.580073925479311
387 33.345180483888086
388 32.522015060387972
389 31.517307990278891
390 31.939328298005535
391 32.472851975918189
392 31.603670640189655
393 30.892808493056975
394 30.120091950224229
395 31.067897728358226
396 31.429596385177874
397 30.419937463223672
398 29.563520502534065
399 29.465182734974469
400 28.952501107747981
401 28.687074664616965
402 28.406912427377449
403 27.734830511544565
404 28.260437330243196
405 27.113033145401769
406 27.462478177654134
407 27.213310792282371
408 28.49055061190484
409 27.25004532071998
410 28.703823524642907
411 28.601492998185151
412 29.36288888609948
413 28.43232147958312
414 27.778306893630475
415 27.655572879444296
416 27.537609867630387
417 28.781283906919082
418 28.340896622776675
419 28.713346573410963
420 28.377994907257751
421 27.758852156980591
422 29.377309051652425
423 27.985619498684805
424 27.71736058173418
425 28.319341506709918
426 28.592733165730504
427 28.211665982636223
428 28.199997070574526
429 27.93738922860517
430 27.363140321723755
431 28.031955811018591
432 27.762868078694574
433 27.865417319254849
434 27.264753037207381
435 28.298518922885453
436 27.372349558075594
437 27.404645342538426
438 26.492135017347508
439 26.134643018999885
440 25.975498693759416
441 27.158579105637017
442 26.507754686852959
443 27.324187099715317
444 27.559703867470571
445 27.158108517746712
446 26.914042180014135
447 26.525178431658929
448 27.71781472125657
449 28.109841519654516
450 29.329581045769153
451 29.70400875648722
452 29.118126437489956
453 28.475855224492921
454 28.825977487926966
455 29.357022517513769
456 29.926186246550291
457 30.554318173258771
458 29.960776214290266
459 29.013877844169926
460 29.09586507802651
461 28.665202186815094
462 28.251594611346253
463 27.767837335370643
464 29.24586981375236
465 29.579739613332556
466 29.009645697564782
467 29.348341287258538
468 28.896767037825523
469 29.255628611202205
470 29.232777711652343
471 28.885875727279327
472 29.782095796460144
473 30.074970630783515
474 29.860804740302378
475 29.731600979569553
476 30.134249218010616
477 30.2423014392986
478 30.500371351623755
479 30.92814338123004
480 30.343275407589072
481 29.672943607766374
482 30.013766582066573
483 29.276398971885484
484 28.956922431458263
485 28.997812786505527
486 30.325811102843751
487 30.34208043614635
488 31.656767347338988
489 30.472249309500949
490 31.610155130256622
491 29.756743927721431
492 32.029078144210807
493 31.632047550418079
494 31.82262676618241
495 31.481918121089013
496 30.165643860768846
497 30.362922767057135
498 29.605056845983423
499 28.733298496463664
500 29.088946296978108
501 29.484512501182717
502 30.210598221376422
503 30.010358036997747
504 29.127432908456729
505 29.578003255832058
506 30.037651558902802
507 28.961320960705134
508 29.203286480950133
509 29.187282929950531
510 29.581369596983375
511 29.469238461844082
512 29.805422924413119
513 29.595550331528983
514 29.908567775631386
515 30.231556121576347
516 30.449784587922942
517 28.954702348205593
518 30.702672206784861
519 28.838659557665363
520 29.182882951537522
521 29.144827255794148
522 29.474101932435804
523 28.956925669403326
524 28.355130742446018
525 28.244787644093009
526 28.720595744193588
527 29.949178269836629
528 29.491607127245651
529 29.219344211187735
530 30.715457236477043
531 31.715536253555669
532 30.15556911790102
533 30.140604410443121
534 29.592894781547013
535 31.110198097419584
536 30.60641170237022
537 31.829748565201012
538 31.58903491388778
539 32.058795993839496
540 31.924780460025296
541 31.152135317899113
542 32.609709813059744
543 32.666033231852275
544 32.527936857652286
545 32.757714772121339
546 32.123041156909913
547 31.442316629397517
548 32.551101643425326
549 32.440801672968526
550 32.12239878755701
551 32.235027497266032
552 32.344489184000842
553 32.390516415075695
554 31.901269683524724
555 32.645597242246474
556 31.946410925529179
557 32.595042280868903
558 32.145564241297777
559 32.270779672523908
560 32.667890265427793
561 32.86064477253634
562 32.856496636077445
563 33.417246784081918
564 31.923931664876928
565 31.879674409224762
566 31.263697930206629
567 31.62212802317574
568 30.104749226761392
569 30.029712684327894
570 29.677751160226368
571 30.464882251980338
572 30.233030591949433
573 29.82423769718638
574 30.00721115132616
575 30.026907437641512
576 31.884577206932377
577 30.110040388026079
578 31.136665187437455
579 30.082654526614718
580 29.45370869413027
581 31.023252551307703
582 30.622036201720256
583 30.767396473608905
584 31.067184053412056
585 31.639208999485767
586 30.861708935060559
587 30.375531899037373
588 30.030586603662595
589 29.572443355851696
590 29.899351609305548
591 29.215217160896827
592 28.207930990570318
593 28.913465071115375
594 28.949901876999075
595 29.632155541046739
596 31.307121968741107
597 30.727327215674837
598 30.578369650426048
599 30.292891705120731
600 30.234548785422589
601 30.766158494563708
602 29.268062574686411
603 29.208813776939472
604 28.873000022418331
605 28.841348654837248
606 29.061424073759973
607 30.240839515717056
608 29.502630107510601
609 29.409622320796085
610 29.83933941491599
611 28.103748875833631
612 27.243361054184515
613 28.938803600090029
614 27.4737592410318
615 27.201888002604221
616 27.25255558961468
617 27.226466996720657
618 27.649311416990813
619 27.382828014818397
620 27.260614924862011
621 28.432305368435706
622 28.268031114579617
623 28.630163975725964
624 29.311566951376914
625 29.034037123808439
626 28.944702067724442
627 29.550605258580632
628 29.738341175717828
629 29.446688411648108
630 29.695535879651754
631 30.108400989252335
632 29.935440341172217
633 30.862658559277275
634 31.957934180655997
635 32.40712573654455
636 32.38624802559589
637 33.194889280464679
638 32.442162516448192
639 32.89017279605261
640 32.883443967010209
641 30.897200601207167
642 32.59645167815372
643 33.71432710118512
644 33.369318098399688
645 33.898562222509277
646 33.602787298072585
647 33.21175643701212
648 32.963645150936387
649 32.727898733727059
650 32.704099427836169
651 33.951238796080254
652 32.654265944160699
653 32.698679180852388
654 32.474983048802919
655 33.158349665682486
656 33.233316033719184
657 31.782171050270904
658 33.100583578313739
659 32.966473715416249
660 32.914743470807565
661 32.879067379081903
662 32.389168767796434
663 33.249120015296597
664 33.061452958276227
665 33.941456126089044
666 33.72468960095194
667 33.349969487741213
668 33.40729231168207
669 33.308774289913075
670 32.120899063100083
671 32.518402420560427
672 33.445663190953809
673 34.428027826302831
674 34.976209688548124
675 35.848318557720901
676 36.613881292608447
677 36.126769046243311
678 35.978775105401382
679 34.823906925630702
680 36.248888105381738
681 36.433627406998752
682 36.045845853109533
683 35.673020672820869
684 34.589140128994316
685 33.648769441630094
686 33.503030949926121
687 33.254764630482839
688 33.618141367852644
689 33.901000061827133
690 33.62162832360606
691 33.024302925721024
692 32.926614291881222
693 34.003955100595924
694 34.724940989416275
695 35.324109440186383
696 35.878349518109637
697 35.63693769929133
698 35.541863365520001
699 34.585670820176048
700 35.42095246709053
701 34.928495686237028
702 34.023684191776923
703 34.632993941501134
704 33.156566694136096
705 33.000567689897977
706 33.248494244789484
707 32.670833453661821
708 33.004221722912604
709 33.678191853536241
710 32.316162997100406
711 32.038513380282637
712 33.05544964029972
713 32.287453545283242
714 32.61169367252355
715 33.116666114965575
716 32.869592563178983
717 32.053177284151921
718 32.804202776285763
719 30.899564765706742
720 32.573343615925687
721 32.188770433838023
722 31.632319826838355
723 32.45728922206694
724 32.561713435831784
725 32.572253734174545
726 33.064788441998409
727 33.185161427299306
728 33.814794732698019
729 32.817911294982878
730 33.177034655656925
731 33.292421598422344
732 33.205923795648069
733 32.24236206101741
734 32.777154465044667
735 32.47933240933105
736 32.483371622438789
737 33.002819809917767
738 32.993553874603357
739 33.298696127670013
740 32.33994027802779
741 33.42875084311104
742 33.64323345264674
743 34.197519525929827
744 34.273090759422153
745 32.985552452879993
746 33.259252853738452
747 33.327578681617112
748 33.882181829721176
749 33.511263082587618
750 33.795129998678604
751 34.655330261316948
752 34.886384764608977
753 34.477815677574192
754 34.767153396415075
755 35.250658721276388
756 34.430908784372456
757 35.126853733938781
758 35.318581622928804
759 35.651144857555522
760 36.591950654880499
761 36.089328258353291
762 35.782575241321027
763 36.861348837163924
764 37.182822722751332
765 37.465538677414983
766 37.70485013121246
767 38.149933914114115
768 38.642674961975644
769 39.477089641558123
770 38.760064326825287
771 39.035344356129762
772 38.595653431684575
773 38.442982332255987
774 38.798489512072521
775 38.18474269441122
776 36.580859880279746
777 34.746334742566013
778 35.783453655203189
779 35.253523128479763
780 35.84557891537866
781 35.521071787111204
782 35.62269775714379
783 34.945680085656377
784 34.445480559239883
785 35.003855671356597
786 34.299364288848317
787 34.98823592684073
788 33.468528846939456
789 34.977842612342073
790 34.003588652767064
791 35.029604867472585
792 35.710452348405894
793 36.010020869723682
794 35.87954694215194
795 36.019239865748915
796 35.778341699370465
797 35.980168955265647
798 35.574187974124087
799 35.47378719072448
800 34.812251372770518
801 34.193771578808537
802 34.350278521537419
803 33.864121852955265
804 32.769307959923331
805 32.244342834571135
806 31.988724237936964
807 32.995235834099844
808 32.293083103175235
809 33.361842453542224
810 33.416408498484273
811 32.202321461322256
812 31.020039444666001
813 31.949464395464499
814 32.741545895394133
815 33.490162790863991
816 32.555911206613146
817 32.094340984004923
818 31.892293175855755
819 31.594775099861288
820 30.748077657915879
821 30.800371274459469
822 31.212285156927106
823 31.205827342471149
824 30.855328436262504
825 30.726074232896952
826 30.081130326448221
827 30.665377461526688
828 31.815078900146393
829 30.993599642777436
830 31.312244640899564
831 32.482276871173028
832 32.615960071270813
833 32.498611077340954
834 32.797550449692892
835 31.516391533406221
836 31.86918425184254
837 32.026383300498445
838 30.93666600284493
839 31.648324236695959
840 32.117017845897784
841 31.506096569049269
842 31.681710088210998
843 31.446500307499623
844 31.693767688248805
845 31.810876294141092
846 32.255811698396357
847 32.889043411042763
848 32.335318389609021
849 32.038209766762762
850 31.130295852176779
851 31.924032654854003
852 32.576659881542156
853 33.474408524817171
854 33.349420340423002
855 32.265516839032337
856 33.195658179943919
857 34.953561272004897
858 35.196719862139176
859 35.303554536411262
860 36.597526797989069
861 35.695525124685226
862 36.323535905577408
863 36.280845455107304
864 35.656884632804612
865 36.123393315288162
866 35.556729236257112
867 36.069845172016841
868 36.371952893514958
869 36.960308190107796
870 37.905477067473171
871 37.492998621723871
872 38.131687781743068
873 38.139619203587806
874 37.94031171244216
875 37.562513174681115
876 38.100827110322044
877 37.675513307226559
878 37.756789657429742
879 36.333270679095975
880 36.527407693372787
881 37.270197334087278
882 37.01883531987454
883 36.633607672386759
884 37.43989636555996
885 37.197453619155439
886 37.024106165906041
887 37.62987560011706
888 37.012893475017044
889 37.862466621925392
890 38.509235831278765
891 37.251105777265671
892 36.860422883148011
893 36.722631691928292
894 38.347356844655806
895 37.920123146542124
896 37.93458469218227
897 38.323912793350708
898 37.760816602711373
899 37.662546653888974
900 37.519094565265753
901 37.645164112617913
902 37.240687065879463
903 37.343649039300516
904 36.825834763631633
905 36.898795625555657
906 36.657423350122066
907 36.558598881299837
908 36.656737520043464
909 37.865283216693896
910 36.94852893603754
911 37.358267586424859
912 36.423131489748691
913 37.130193034719447
914 37.154334755488264
915 37.402301637635397
916 36.979944081903646
917 37.195247105690562
918 37.352739023782192
919 37.777368755405789
920 38.552161758052954
921 39.385211941686336
922 38.537941436930019
923 40.113564908418269
924 39.481066337933683
925 40.347629163373227
926 40.596951874987802
927 39.877013029291057
928 40.641891809163297
929 40.349481752564671
930 40.031722925351168
931 41.105281957921825
932 40.938866233474599
933 41.58465641359728
934 40.846651026906024
935 41.944765557704962
936 41.861109340794606
937 41.833045248899197
938 41.482527416051155
939 41.301494908440183
940 41.939850176191797
941 42.156139827459022
942 42.559943642573714
943 42.871827726314642
944 41.027420028817353
945 41.566952916019851
946 41.753900644103389
947 42.62437482045631
948 42.223174626614096
949 42.402817345605293
950 42.899707507263081
951 42.46486646677527
952 42.269358746757028
953 42.048069401710812
954 41.582431931867418
955 43.07826030097015
956 43.018142443369811
957 42.096679769401767
958 41.556740965698239
959 41.647228245574105
960 40.873038699785624
961 41.003260402120816
962 41.153668712650813
963 41.285435915141022
964 41.874763582450861
965 42.063747043588378
966 42.215970036491214
967 41.960561486519424
968 43.894413998455633
969 43.683423838639719
970 44.17847402522262
971 43.881392919664698
972 43.460246721615555
973 43.451663177378322
974 43.887104490207683
975 44.509853990847404
976 44.120005389395288
977 43.559175609636995
978 42.930013713171341
979 42.026936208162816
980 41.406943890419647
981 42.280150468084038
982 41.598959766241748
983 41.902430800518978
984 41.692648596578501
985 42.555308606124044
986 41.921405589667408
987 41.228270594185048
988 41.740134546160306
989 41.48855611644516
990 41.813179289986756
991 41.254453491608331
992 41.688764135364728
993 41.213834389063891
994 40.911811224132464
995 40.663333429912477
996 41.318712627110386
997 41.038007958247135
998 41.276997056658495
999 40.511848625545845
1000 40.734072102511199
1001 41.300869330646989
1002 40.525386432638982
1003 41.404870876231065
1004 41.827829383125035
1005 41.947790727827915
1006 41.346199434945845
1007 41.526520218232385
1008 42.081559884893423
1009 41.320669980359973
1010 40.552208619383705
1011 41.706589101040926
1012 42.688562028619657
1013 42.679684162583349
1014 43.019393413928881
1015 41.742733005373744
1016 41.990100902261418
1017 42.906202953793965
1018 43.39040903673785
1019 43.848909161624839
1020 43.591789921555907
1021 42.318267414386114
1022 41.222894675528856
1023 41.871626041734949
1024 42.087303143534974
1025 41.819917990121731
1026 41.529048830669694
1027 41.48596478700933
1028 42.397174838332575
1029 41.822203941380629
1030 42.071037252079059
1031 42.900484446934811
1032 42.243466675592082
1033 42.405357068689227
1034 42.651252167554617
1035 41.830551701483451
1036 42.113744797499301
1037 42.50247735542407
1038 42.846232889726231
1039 42.281436828554874
1040 42.027394170941562
1041 42.126373086376944
1042 43.039612766401973
1043 43.810640424599519
1044 44.140306516926913
1045 43.958530927065802
1046 43.624806894930686
1047 42.821840925943569
1048 42.763345170783161
1049 42.524092541065961
1050 43.158223893108591
1051 43.219931089330778
1052 43.068046978756989
1053 43.002904996898224
1054 42.565096551678359
1055 42.161842028446479
1056 42.12127320378135
1057 42.055942710303192
1058 41.790636598442788
1059 42.675554132420679
1060 43.160755382389446
1061 42.410269588078023
1062 42.642983405311632
1063 41.283704149997646
1064 41.277504302279006
1065 41.844924813262232
1066 42.632704161215131
1067 42.016170140416797
1068 42.536651268620822
1069 42.530110786571505
1070 43.777738889188591
1071 44.084175634794036
1072 43.849078225338985
1073 43.875901937864541
1074 43.577918943223288
1075 43.9607751384411
1076 43.288456333608508
1077 42.771508573640787
1078 43.346939086372565
1079 43.658668189614396
1080 43.833968009201094
1081 44.148953237204893
1082 43.555518566364903
1083 43.544842183066038
1084 43.453135043328238
1085 43.902952598267483
1086 42.862821460095823
1087 42.26927075305241
1088 42.129809610405708
1089 41.990645586835385
1090 42.024404569732766
1091 41.975508546548937
1092 42.821250356725649
1093 41.734311678328012
1094 41.521609111288541
1095 42.345402906598899
1096 42.165086254047822
1097 41.788854017081221
1098 41.809648390516635
1099 42.150259940091239
1100 40.811707356710549
1101 41.056406639812778
1102 40.579008890586294
1103 40.185436787265104
1104 40.618636714743417
1105 40.788600234853938
1106 40.728158446822647
1107 40.051012870989119
1108 41.011483917399637
1109 41.13506643342695
1110 40.905980807029195
1111 40.687869305166018
1112 39.891538218092073
1113 38.951719509031641
1114 39.629760536615578
1115 40.861840998950584
1116 40.288554455685833
1117 40.216133407629222
1118 40.962702362087953
1119 40.67968035931775
1120 41.570812689521318
1121 40.690643296157013
1122 40.163316060583398
1123 40.904442929097527
1124 41.295944749040878
1125 40.816654458262022
1126 41.04723059522302
1127 41.308035942744418
1128 40.57786127708308
1129 41.471993573149526
1130 40.138389319844642
1131 39.966752316057708
1132 39.654869703213301
1133 39.223334588412484
1134 39.98445804425706
1135 40.11898999805711
1136 40.097783487400193
1137 40.1464372289606
1138 41.424222501020161
1139 40.691191240858537
1140 40.511168328632181
1141 40.958081400963621
1142 40.632457676887668
1143 41.440971088096781
1144 41.080535986009032
1145 41.402203504027831
1146 41.752972691778588
1147 42.775315160826004
1148 42.683455183439904
1149 42.425388385637632
1150 40.849043087705077
1151 42.096924484690746
1152 42.065580241377859
1153 42.19512963217749
1154 41.719140677669152
1155 41.401049765885269
1156 42.328827362897741
1157 41.244602721993886
1158 41.254003065387863
1159 40.326185418194164
1160 40.955881336182344
1161 40.977744087161973
1162 41.426869825130204
1163 42.210962436077523
1164 41.89257039826316
1165 41.614376577763359
1166 42.120376132193748
1167 40.776673294099368
1168 41.64811344804297
1169 41.009117671138505
1170 40.858947515757812
1171 41.172995708104395
1172 41.578632154739608
1173 41.668436042652289
1174 41.115470140480333
1175 41.596724488434631
1176 41.43920784829416
1177 41.086806142546045
1178 41.0776562128043
1179 41.79906826878522
1180 41.253846466262694
1181 40.609898631273346
1182 40.457685513886766
1183 40.3985460259265
1184 41.53378639479682
1185 41.022470810447494
1186 41.366958363082631
1187 40.196549081986213
1188 41.554472677634237
1189 40.251672131383366
1190 39.857450363356115
1191 39.641370841856975
1192 39.455564869760359
1193 39.330610892099934
1194 39.135063066030987
1195 40.175539718294694
1196 40.344935985058228
1197 40.378904208033624
1198 40.012173037640494
1199 40.6007538056991
1200 40.303143110967603
1201 40.625390255447634
1202 40.730744701618065
1203 40.023060911921206
1204 40.381061141824716
1205 39.873894261076835
1206 40.180595280680194
1207 41.412812855811644
1208 41.639900325767059
1209 42.12371838494898
1210 41.471299197869328
1211 42.246305088883787
1212 42.11434262620844
1213 42.917210480384099
1214 42.77524742449458
1215 41.682651437040377
1216 42.188354581941894
1217 41.58538637268434
1218 40.981822316173812
1219 40.018558948682248
1220 40.885170428754101
1221 41.320295746431817
1222 40.75446963319925
1223 40.329753890467181
1224 40.433233838154877
1225 40.901140173173715
1226 40.604082147183668
1227 41.443471736788737
1228 40.171665120568846
1229 40.590933441581527
1230 41.077776473735135
1231 41.837573538522506
1232 42.233054260735187
1233 41.758069335244301
1234 42.215103510103155
1235 40.72743838613772
1236 41.822493758873307
1237 41.538928630929163
1238 41.410691052355517
1239 42.064693910919146
1240 42.66614719860997
1241 42.123616178423092
1242 41.759917523594908
1243 41.321023565133579
1244 41.299799622153998
1245 41.42316240960831
1246 41.788802735863541
1247 41.464249678292035
1248 42.388222545690681
1249 41.491029986168094
1250 41.475711293077715
1251 42.424352082063812
1252 42.418906549134249
1253 43.354742731457449
1254 42.483000694524641
1255 43.572046167713914
1256 42.723918393226093
1257 42.678032641544355
1258 42.076596479609705
1259 42.599214640314955
1260 42.408884165643897
1261 43.460512696990378
1262 42.918539965361795
1263 42.544344777805897
1264 42.746092265881835
1265 43.137542517548013
1266 43.210260357814768
1267 44.027683931922446
1268 43.255568927898828
1269 42.557021642856952
1270 41.614778287799901
1271 42.863534733591536
1272 42.7933795894062
1273 42.706474826882186
1274 43.629363306039238
1275 43.6332922531194
1276 43.846889347778593
1277 44.188737448318783
1278 44.729152349533351
1279 44.1579736369549
1280 44.193569642118405
1281 43.08014551777665
1282 42.785410732814775
1283 41.994877172276055
1284 42.199878368719872
1285 42.459164027377078
1286 43.580390156394976
1287 44.182485396525415
1288 43.607699040360856
1289 43.804864090813197
1290 43.419634263135286
1291 44.140728317770225
1292 42.906105922756616
1293 41.277386557073577
1294 42.477355162725047
1295 41.359146287768269
1296 41.660211014967658
1297 41.879923468431642
1298 42.436289452873922
1299 42.607916960754459
1300 42.536142927954181
1301 41.481457125612316
1302 42.302488851325066
1303 42.054422787646821
1304 42.246288303966637
1305 42.982227642432164
1306 42.794916750393377
1307 41.88798122166947
1308 41.207060023372257
1309 41.600095778740553
1310 41.570183863641219
1311 41.367672524347917
1312 42.291943735282722
1313 41.841580193509714
1314 41.741933487417775
1315 40.714766420456698
1316 41.495503867882
1317 42.265615582640322
1318 42.479030174994293
1319 42.334506908385976
1320 42.587419163702954
1321 42.237731954383193
1322 41.835728445948234
1323 42.446062845581416
1324 43.069773196501899
1325 42.488963776518609
1326 43.054207810829837
1327 42.253519544221675
1328 42.225538526296248
1329 42.229427946617584
1330 42.473136930126479
1331 43.22851960938992
1332 44.117747936515379
1333 43.760256988817147
1334 43.499902662784137
1335 44.47032123849759
1336 43.813955755590946
1337 42.908139005270563
1338 43.849096182194096
1339 45.005149699909587
1340 43.96731129732656
1341 43.846450869160847
1342 44.70473844355093
1343 44.571015673863307
1344 44.218434260696604
1345 44.466214042262379
1346 44.790667415312519
1347 44.413810726702231
1348 43.667449168927256
1349 44.042827214844543
1350 44.044501776762566
1351 44.013250015650449
1352 43.819353386734363
1353 43.536408546708834
1354 42.677229398839359
1355 43.167661795028756
1356 43.234611047204474
1357 43.513792639432928
1358 43.229846138968163
1359 43.263828402603544
1360 42.605005627693721
1361 43.001938992302946
1362 42.574885740326984
1363 42.33434283763804
1364 43.263514346772823
1365 42.397940794396874
1366 42.442514950464023
1367 42.830410627968966
1368 41.316192509716466
1369 42.737864434490277
1370 42.981709556074378
1371 42.872399398342807
1372 43.839779846609936
1373 43.138479516994707
1374 42.93040529117328
1375 42.909047502692289
1376 42.199869161189866
1377 41.899104294870959
1378 42.668333021515721
1379 42.281627285562543
1380 41.871747045618626
1381 40.955162800361755
1382 41.465007877270338
1383 42.099279329961966
1384 41.983457863000922
1385 41.894005079781515
1386 42.120557221762418
1387 41.739124349907044
1388 41.349250685908338
1389 41.94561017866949
1390 40.947637170089358
1391 41.134671733835972
1392 41.106552971141426
1393 41.516382685492339
1394 42.095322487387207
1395 40.342064440026988
1396 40.283550320558334
1397 41.39980164588426
1398 41.244908715787268
1399 41.359535814438644
1400 40.915227075685031
1401 41.447374220704994
1402 41.437458559419106
1403 41.799286849419126
1404 42.406875468866915
1405 42.74741411238935
1406 41.368192283540871
1407 41.490954468857822
1408 41.461248769607863
1409 41.899381747347832
1410 41.015855862799043
1411 40.920348490480926
1412 40.314748599259808
1413 39.707719190589991
1414 40.801215501480449
1415 41.757661382203658
1416 42.587425223672604
1417 42.043656852534568
1418 41.822720490211047
1419 42.573067332855636
1420 42.299422118834954
1421 42.086157832301083
1422 42.779331086058562
1423 42.338046984453428
1424 42.217963132697356
1425 43.256492972104645
1426 42.676210146149785
1427 43.47195700953398
1428 44.14337937964445
1429 42.43992720013901
1430 42.774504880292923
1431 42.777580986475598
1432 43.83915389257799
1433 43.237136219136566
1434 42.74139636224821
1435 42.383662162837815
1436 43.065283963050923
1437 42.605856166202472
1438 41.747130177097468
1439 42.938845691434125
1440 42.513745078598504
1441 43.99415790469223
1442 42.85669927555923
1443 42.543228308334299
1444 41.627804211957042
1445 42.157679989013985
1446 42.393150432229859
1447 42.644045470903741
1448 43.653701239730161
1449 43.152753535414028
1450 43.390406079301322
1451 43.2557645941842
1452 43.583953024935177
1453 43.107372057493301
1454 42.47651602958468
1455 42.965859157614986
1456 42.415786884760848
1457 42.245057883860525
1458 41.537167187558609
1459 41.863920352778671
1460 41.873536599305723
1461 41.58792492160655
1462 40.85038174015726
1463 40.564915060407486
1464 41.383562356487147
1465 41.46257474561569
1466 40.411771231672439
1467 41.468937666070794
1468 41.538412281553505
1469 41.703371740929498
1470 41.043464025306726
1471 41.75616394872705
1472 42.263152977432306
1473 41.514851834532912
1474 41.957312548086939
1475 43.354558926938722
1476 42.622191602433794
1477 43.499946078159155
1478 43.66802727850385
1479 42.927405343215327
1480 42.391282314477543
1481 43.103491985794335
1482 41.924831718945335
1483 43.181625473436284
1484 43.067591732076416
1485 43.07376520780911
1486 43.425231821500198
1487 43.239189852312471
1488 42.986192351213347
1489 42.640030513735731
1490 42.827433536391467
1491 43.702127161503924
1492 42.829041666828395
1493 42.924615686023699
1494 43.412727946906998
1495 42.763814787469592
1496 42.319342350645861
1497 42.140244212400361
1498 43.53282499447603
1499 44.598776949750437
1500 43.706887761714768
1501 43.594837913530618
1502 44.154381026896772
1503 43.434631378419567
1504 43.989963848775112
1505 44.542390626281779
1506 44.406580866582381
1507 43.679526757836435
1508 43.8629871043618
1509 43.326190985703612
1510 43.072756773312172
1511 43.728250831571856
1512 43.53540959642973
1513 42.887844123660535
1514 43.050961449802408
1515 42.61022898844822
1516 41.223825371268688
1517 40.186931666293546
1518 40.558490601909362
1519 40.107794700326771
1520 40.00790761294985
1521 40.178262357039301
1522 40.736006810060587
1523 40.830917436661785
1524 41.311979372657795
1525 41.685048385417574
1526 42.280185560850654
1527 42.049762692653772
1528 42.182506003229427
1529 41.671920776852751
1530 42.242238092443792
1531 42.867173584677559
1532 41.784323076202817
1533 42.075147862183584
1534 41.384186919062998
1535 41.464851498285491
1536 41.068077786838678
1537 41.703614595378198
1538 42.896381957282557
1539 42.551715902135911
1540 42.334976551281059
1541 42.388717072078045
1542 41.946638527973839
1543 41.334538085604862
1544 41.539907601816601
1545 41.761315506520461
1546 42.339580269223212
1547 41.507320976702651
1548 41.924510970289397
1549 42.511858060720037
1550 42.819920801528127
1551 42.329792896313293
1552 41.82104203409164
1553 41.909807654663517
1554 41.692534944268353
1555 41.812907155902465
1556 42.592615707639794
1557 42.183048553000177
1558 42.365439019158003
1559 41.733871295097941
1560 41.564486514424281
1561 42.636901509811928
1562 42.396414474106294
1563 43.265199184018797
1564 43.034250828808133
1565 42.943042516935009
1566 43.362369472826046
1567 42.603507011589137
1568 42.617550547948788
1569 43.2116111357983
1570 42.414160237968474
1571 42.837995347800806
1572 42.181155473631961
1573 42.097427122121765
1574 41.549856038877074
1575 40.815793898522756
1576 42.224575325105427
1577 40.749726905013929
1578 41.278730582105943
1579 41.219443702051166
1580 42.432052963620414
1581 42.701994224446132
1582 42.291629738307321
1583 42.430892786089849
1584 41.684593568159777
1585 42.592254389734379
1586 41.492792879898396
1587 41.887064137257347
1588 40.782081193309551
1589 41.47399225931018
1590 41.328432680251758
1591 40.872981101286364
1592 40.809811531414731
1593 41.020555544961191
1594 41.213251229512956
1595 41.040847412587603
1596 41.130409355062497
1597 40.418938786133616
1598 40.399527001105525
1599 40.026475944366304
1600 40.301967444854775
1601 39.532334121850361
1602 39.676795732299944
1603 40.172766716088205
1604 39.81449308202977
1605 40.069420580967062
1606 40.098090369960055
1607 40.090269560201271
1608 40.68702675637492
1609 40.233106491869442
1610 40.21849631347029
1611 40.967956188192623
1612 40.306112899240162
1613 40.333048066277641
1614 41.069926576568619
1615 40.133694604393774
1616 40.456387849781727
1617 39.757260211705173
1618 40.664903400162125
1619 39.778235560672421
1620 41.377994620948613
1621 41.60082573597203
1622 41.472702576317779
1623 41.731445653749596
1624 41.664833719916182
1625 41.988674716006813
1626 42.060185413727801
1627 41.755722688540217
1628 42.22362546721601
1629 42.527415424381743
1630 41.155070273528338
1631 41.022546049823561
1632 41.723934493127445
1633 41.200614603585727
1634 41.948774764707117
1635 41.437386083183149
1636 41.503871303906521
1637 41.111192353400426
1638 40.03456547069537
1639 39.073223384143205
1640 40.27096790212947
1641 40.782083296588013
1642 40.167151635330598
1643 40.992081362117936
1644 41.142911890012186
1645 41.178597278547429
1646 41.784635109069747
1647 41.949501277967975
1648 41.010359492276081
1649 42.154078507911173
1650 42.166553448708569
1651 41.823227815902356
1652 41.021220437826869
1653 40.941845957024277
1654 40.873113869469968
1655 40.673761036545521
1656 40.847347959879393
1657 40.958392875436125
1658 39.692789751476255
1659 40.415835725515933
1660 41.958445444799118
1661 42.195193056291949
1662 42.629999292013025
1663 42.735655875559338
1664 42.442455344048426
1665 41.911979562418004
1666 43.155272844848803
1667 42.852031012460614
1668 43.145179560870531
1669 43.526287678273789
1670 44.718113437417159
1671 44.351380572873737
1672 43.772868662833403
1673 43.869016360986571
1674 42.877471971528841
1675 43.211963507626756
1676 42.686947626398123
1677 42.96912785789209
1678 44.638734298925762
1679 43.767492088129252
1680 44.199476148881821
1681 44.206225463197654
1682 44.244541444909842
1683 43.803311449437324
1684 44.929726027749822
1685 44.551896041460573
1686 44.058609280906246
1687 44.716706615574658
1688 45.354943962684388
1689 45.18224326551929
1690 45.469709759084267
1691 45.256508663128784
1692 44.365029668318819
1693 44.559556585072642
1694 45.016069652060601
1695 45.985290347482298
1696 43.956609150329975
1697 43.67478962948519
1698 44.550831661827623
1699 44.38073888522365
1700 44.573878155738392
1701 44.705025768442496
1702 43.92952789754186
1703 44.797028343155574
1704 44.266929201266649
1705 43.859295980820846
1706 44.729262133529126
1707 44.137354205525426
1708 44.793751303494588
1709 43.189175099846068
1710 43.371335333867201
1711 43.146607118820846
1712 42.733306931072413
1713 42.776240274423927
1714 43.463902427203053
1715 43.637985724725162
1716 43.744058754178909
1717 44.678619783754634
1718 45.101890791661475
1719 44.752470885990981
1720 44.345243990780233
1721 44.670535956296426
1722 43.744665666122152
1723 44.321506531893647
1724 43.144653251464135
1725 43.272570016712478
1726 44.171624153083862
1727 43.795803278177864
1728 43.329776222379131
1729 44.057953178588022
1730 44.168231278467772
1731 44.095513244514294
1732 44.918343419362579
1733 44.468796075511548
1734 44.507909210003717
1735 44.470905054648249
1736 44.991629501785845
1737 45.033037689807216
1738 45.319225044725684
1739 45.289637591476378
1740 45.958752600322249
1741 45.443938074658107
1742 45.147575942631818
1743 45.207764533960251
1744 46.609811222702326
1745 45.996366100406149
1746 45.669816920801196
1747 44.795875958708081
1748 43.95588293739241
1749 43.815444135328669
1750 42.612027256686936
1751 43.64177289507905
1752 42.068738574340649
1753 43.541329905828292
1754 43.573035964938803
1755 43.669844125021598
1756 43.021549230362716
1757 43.590540311965924
1758 43.191367709071059
1759 42.911632230202237
1760 43.142756942428001
1761 43.287711497742258
1762 42.79050657840186
1763 42.545946291137462
1764 41.977518256124625
1765 42.229181970015425
1766 40.788740025017134
1767 40.142352974404062
1768 40.522842658174369
1769 40.484357293599679
1770 41.923970906576507
1771 42.53330038404841
1772 42.219013705287168
1773 42.070483882914715
1774 42.007177560044411
1775 41.264176776555111
1776 41.053858214687246
1777 42.079742960036242
1778 42.498530946198116
1779 41.676426608085443
1780 42.160126197670515
1781 42.1819134672186
1782 43.28536796867899
1783 42.397511731337978
1784 42.753094948444314
1785 42.121036778758366
1786 42.287792759673344
1787 42.909263986829835
1788 42.946225970176293
1789 43.843927977198454
1790 43.593396621297195
1791 43.173559351959049
1792 43.232445629339793
1793 43.968167440752687
1794 43.637627579393964
1795 42.559816418690737
1796 41.753313800099363
1797 41.912786978552028
1798 42.168400625819253
1799 42.657132669921573
1800 42.073912771722753
1801 43.470192008921522
1802 42.508900827165725
1803 43.223385870284737
1804 42.479552185360454
1805 42.604590700632464
1806 42.463844353357516
1807 42.045699176093557
1808 41.701713419981267
1809 41.767037766858266
1810 41.524615723908319
1811 41.284271184146213
1812 40.991397633388146
1813 40.886115852893674
1814 41.582339661481015
1815 41.5639672442543
1816 41.165534422120523
1817 42.221964399832721
1818 41.189694637623859
1819 42.019033975821635
1820 42.151858793980402
1821 41.825317283330691
1822 41.534141988995039
1823 40.895951145049786
1824 40.84070312860883
1825 40.409739482026986
1826 40.894139794126183
1827 41.353802179025429
1828 41.874754174912589
1829 41.526750429420801
1830 41.513562272959575
1831 41.492494083611277
1832 42.111044571364097
1833 41.730289416442936
1834 42.016244471247411
1835 40.90329646649014
1836 40.619482336744859
1837 40.778358564572009
1838 41.247831367045208
1839 40.804886456353735
1840 42.476147180708445
1841 42.243766998238414
1842 42.445412907978636
1843 43.045704634734598
1844 43.425962826915544
1845 43.633565473977932
1846 43.428537483295571
1847 43.626222852025109
1848 43.887912438696986
1849 43.299505524797496
1850 43.267211151515028
1851 42.374784155577842
1852 42.986215800046914
1853 42.255544455085101
1854 42.846990121960218
1855 42.380304796216087
1856 42.032727582727283
1857 42.432946392560666
1858 43.004475406732716
1859 42.5816750800481
1860 42.894186169116495
1861 43.45006549814314
1862 42.710129656448352
1863 42.761148091799093
1864 44.279622079207385
1865 43.570984927244353
1866 44.070158041562685
1867 44.234893214402589
1868 44.542156398622559
1869 44.129111810486897
1870 43.845771605605798
1871 42.879977773791822
1872 43.381849209274897
1873 44.21933404829273
1874 44.257315873397609
1875 43.609959870375128
1876 43.695421547011307
1877 42.640397778688843
1878 42.806536130180774
1879 43.167503397964815
1880 43.532535124379876
1881 43.84730795669293
1882 43.130438807825279
1883 43.780317638242934
1884 43.737668153055786
1885 43.214566315678873
1886 43.312788689190334
1887 44.215043276260445
1888 43.101823992142833
1889 43.411295453292482
1890 43.513344467885418
1891 43.561714334644321
1892 44.443568637898139
1893 44.874503827879224
1894 44.329077313541397
1895 44.876037111047886
1896 42.957382437682625
1897 44.304487949030886
1898 44.141316058246574
1899 44.077822961611744
1900 44.463543661500701
1901 44.213173765171554
1902 43.495670611834889
1903 42.785431992916813
1904 43.197141023810318
1905 42.562900000667547
1906 42.334031867031719
1907 41.949378330608965
1908 42.009554918988457
1909 41.385007451278824
1910 40.830978152996053
1911 41.040728279989864
1912 41.892145988736345
1913 41.039343993132121
1914 40.536324183210589
1915 41.355328913692603
1916 40.843461408209059
1917 40.912885484582176
1918 42.093036748475527
1919 42.234028445384794
1920 43.075018991906646
1921 43.503464796583614
1922 43.361878086499011
1923 43.525490198735007
1924 43.954053489993647
1925 43.355023766900437
1926 43.326331022685082
1927 43.316050792197146
1928 43.082818098508746
1929 43.966542139218753
1930 43.572387157664053
1931 43.338119641309156
1932 42.376192416455879
1933 42.660473146181211
1934 42.766139866014072
1935 41.909188878121498
1936 42.416502890683077
1937 42.30857412448961
1938 42.557784332525785
1939 42.787148259335787
1940 42.362293169659644
1941 42.322945167887248
1942 41.945082808522884
1943 41.89145600976051
1944 42.411945006399627
1945 41.727701868590948
1946 41.723453580663076
1947 42.110098508039052
1948 42.107960791558256
1949 41.593309857467851
1950 42.196814430868749
1951 42.623954891702759
1952 42.321254768138239
1953 41.81757485544199
1954 42.142223087978095
1955 42.775017576516028
1956 43.479481916346892
1957 42.904971619431144
1958 43.569990916136433
1959 43.781423574058195
1960 43.74298228001058
1961 43.466971646366794
1962 43.876225744003214
1963 44.24743853685284
1964 43.913575769479941
1965 43.40395694449569
1966 42.904990351434463
1967 42.680587745918551
1968 42.485709601978883
1969 42.566612742374232
1970 43.111688370968139
1971 42.367551160010265
1972 43.390241319780777
1973 43.565048251260507
1974 43.798263974875837
1975 42.960907845272096
1976 42.789352727384575
1977 43.600193086328694
1978 43.039646406991587
1979 43.144943506139739
1980 43.161625837600447
1981 43.875209864450085
1982 44.012674386665815
1983 43.751290897347623
1984 43.259029974017878
1985 43.349627249599465
1986 44.073906233552606
1987 44.1549899323769
1988 44.322929576854577
1989 45.580727530017377
1990 45.763086890558569
1991 44.805920621597807
1992 44.898091528922109
1993 45.230647819981264
1994 45.762297800470982
1995 46.366359025659087
1996 45.354394363093682
1997 45.274912372449094
1998 45.481349345374468
1999 45.525785104403418
2000 45.109611466731906
2001 45.315776034306644
2002 46.183215790019972
2003 45.172340313650793
2004 46.00836323073986
2005 45.272665992126306
2006 46.262582529318344
2007 46.758052101227577
2008 46.458063223550724
2009 45.369453948840416
2010 45.780805944173864
2011 46.703437989629229
2012 46.718074629882587
2013 46.272482254787377
2014 45.491893730302486
2015 45.437241091811593
2016 46.455188927849321
2017 45.647565959110835
2018 47.124134558498618
2019 47.230341033278314
2020 46.932720286541482
2021 46.681634410294059
2022 47.206965806337166
2023 46.253455852372177
2024 46.151900254130325
2025 46.20772059520587
2026 45.795782668132468
2027 45.750663735628343
2028 45.66259501987556
2029 45.876205858548687
2030 46.282319915709571
2031 45.598622695436816
2032 46.143678115959645
2033 45.968105584386613
2034 46.153027441107653
2035 47.142972161446679
2036 47.24058722552526
2037 47.571793184975185
2038 46.655803664984177
2039 46.797179429782886
2040 46.712812223205404
2041 46.12184847856377
2042 46.700583888985939
2043 46.672731138283858
2044 46.352228933894331
2045 45.886534429310338
2046 45.494194130585406
2047 45.047981312240729
2048 45.62079406751819
2049 45.074332217461944
2050 44.780858456835965
2051 45.542685612981678
2052 44.881407048745309
2053 44.552408180051565
2054 44.755861836129753
2055 44.420277398481609
2056 44.702816109091003
2057 44.11106443036261
2058 44.554865431872294
2059 43.93401669580674
2060 44.956129513665601
2061 44.818596360875269
2062 44.587527376582194
2063 43.996955055536013
2064 44.583505115027485
2065 44.273957521193807
2066 44.769722418324683
2067 45.075470897833334
2068 45.236241856559687
2069 45.355439210889706
2070 45.10582811845952
2071 44.948129993249275
2072 44.747058833907005
2073 44.619914767261186
2074 44.108276868949289
2075 43.984023805876475
2076 44.855249197196827
2077 45.40436727000148
2078 45.45469546314267
2079 44.803816715346379
2080 44.752875848254831
2081 45.298705447328295
2082 45.13606868868083
2083 45.066100714983641
2084 46.0432062216017
2085 46.38123368609201
2086 45.44824404358689
2087 46.127836140805968
2088 45.053623151133586
2089 45.27654333170581
2090 45.836798367779366
2091 45.504938913878441
2092 44.979772122442917
2093 45.805971858048608
2094 44.978933252035965
2095 45.940275100934834
2096 45.121925369855205
2097 44.432473692575236
2098 43.997752453663537
2099 45.49154308652362
2100 45.572278838906279
2101 45.244750361325231
2102 44.401928851074935
2103 44.067899746550204
2104 44.11584529791503
2105 43.252979428323457
2106 43.967539230235609
2107 44.482183162621219
2108 45.256957601664588
2109 44.496553014327681
2110 43.98782389589929
2111 43.936363921804713
2112 43.941229553425678
2113 44.644375547111522
2114 45.089071423645336
2115 45.08566661194741
2116 44.058191111484447
2117 44.177784535334744
2118 43.80279898794354
2119 44.5936464548763
2120 43.528764677904029
2121 44.531943783021532
2122 45.322506316999736
2123 44.774776757013413
2124 45.357264004699914
2125 44.182780475183328
2126 45.24201034517548
2127 44.415325978339965
2128 45.365682183944543
2129 44.436189812595416
2130 43.449483979908145
2131 43.859715037789115
2132 44.180567418323847
2133 44.354519472806295
2134 43.624747835639305
2135 42.832971160942954
2136 41.972586509194784
2137 43.50785323498647
2138 43.56631287724602
2139 43.13629148782119
2140 41.467831077442774
2141 41.745873254860051
2142 42.18378693624993
2143 41.891727590959718
2144 42.252783574297865
2145 43.070415020869945
2146 43.037236458808209
2147 43.636165314121286
2148 43.076465083124965
2149 42.379750437718776
2150 42.47881841486371
2151 42.709614545942586
2152 42.947677198935608
2153 42.635714882401636
2154 41.544899720198984
2155 42.097320637189569
2156 43.464071930398504
2157 43.641833340209232
2158 43.398033550621356
2159 43.944852490803825
2160 44.200574097232
2161 44.500691129406533
2162 44.397417363696796
2163 44.160748028028806
2164 44.410515912200182
2165 44.525682450571097
2166 44.450006995928511
2167 43.649672374355113
2168 43.504743464557116
2169 43.642070003176876
2170 43.728903475778068
2171 45.20516464744496
2172 45.103773909526559
2173 44.496184262634209
2174 44.141940822703155
2175 43.842178598170229
2176 43.425395089373708
2177 43.757068448143478
2178 43.528013506990533
2179 43.903928058011608
2180 43.209740979093496
2181 44.150085062221279
2182 43.678879658518035
2183 44.215381568588512
2184 43.874795980119295
2185 44.141547200678332
2186 44.467796766335589
2187 43.114837057414448
2188 43.674982056402541
2189 44.713372831333395
2190 44.450418407733629
2191 44.941005892129809
2192 44.629082660578433
2193 44.216067071385872
2194 45.060425430873011
2195 44.820177021768323
2196 45.436416171597685
2197 46.039603724075725
2198 46.090310477891926
2199 46.013801197300403
2200 45.795788324905722
2201 45.335506306863145
2202 45.573132237835544
2203 45.605781440180131
2204 46.335454343056561
2205 46.436396112808069
2206 46.36782968857657
2207 46.109131339657374
2208 46.544504630910275
2209 46.491894918039193
2210 45.424958733603759
2211 45.014260569313862
2212 44.983102592762194
2213 44.907472292980465
2214 44.921343728332246
2215 44.62985844012038
2216 45.139330945271844
2217 45.067179013152987
2218 44.654290071487289
2219 44.736316706057536
2220 45.588610475522522
2221 45.427922925091266
2222 45.082005870224656
2223 44.814998009364047
2224 45.216748239387378
2225 45.561945878615319
2226 44.693023773954543
2227 45.937560355398261
2228 45.133713321348814
2229 46.028803621099918
2230 45.742554443881858
2231 46.091073544385303
2232 46.430493005864513
2233 46.358068279142636
2234 45.604633175808267
2235 46.276346472187981
2236 46.541562740168473
2237 46.854713106841665
2238 46.528004317459299
2239 46.152622835800429
2240 46.665596357959053
2241 46.737273302761459
2242 46.321099800607293
2243 46.857106503525635
2244 46.32556287209264
2245 46.590591551744517
2246 46.083142282833791
2247 45.521820892278434
2248 46.174015749123271
2249 46.548611075947392
2250 46.803421666968873
2251 46.155716487039101
2252 45.983863688598419
2253 45.503922184482747
2254 45.645831482790435
2255 45.82421155800705
2256 46.514342559288053
2257 46.456029451000596
2258 46.822040070746468
2259 47.181043515056388
2260 46.382676374571076
2261 46.084098822239184
2262 46.370777074533258
2263 46.651596098685353
2264 46.691764987684977
2265 46.962658088603327
2266 46.699839168363617
2267 46.664921892059382
2268 47.112570794819085
2269 46.315583054382721
2270 46.246418469527661
2271 45.463496819490224
2272 46.043063897431061
2273 45.716379015260031
2274 46.724547653872442
2275 47.362577984447107
2276 47.086692559739262
2277 46.779309193729262
2278 47.708896972895261
2279 47.912617321737621
2280 46.465720985688655
2281 45.71050321644821
2282 45.58036227638727
2283 46.648833807294999
2284 46.322597197209738
2285 46.528849460870553
2286 46.027607067626569
2287 46.958957604720837
2288 47.285543590961154
2289 46.678394945432757
2290 46.346667791358215
2291 46.701877357850044
2292 46.403252048553092
2293 45.986037285566312
2294 44.902368688020331
2295 45.627410187321125
2296 45.027178480245198
2297 45.971925512309994
2298 44.953924415226794
2299 45.974801296596816
2300 45.717616816040149
2301 44.981259334666412
2302 45.41417631421956
2303 45.092988120488947
2304 45.178057217651293
2305 45.042793001442718
2306 44.769549703375759
2307 44.378222390421136
2308 44.585165870644474
2309 43.584008939873158
2310 43.308742131567641
2311 42.484963397837198
2312 41.72052521132936
2313 42.150687469062682
2314 42.642698492636832
2315 42.525216466097554
2316 42.319088503445137
2317 42.062798967164582
2318 42.580224249819139
2319 42.932944539382348
2320 42.77539863103388
2321 44.13464692594313
2322 43.545071532795973
2323 44.275970397544924
2324 43.737542517806297
2325 44.556493367151276
2326 43.639498035581333
2327 43.289503147377289
2328 43.1040077811979
2329 42.413904006586883
2330 42.181222764956203
2331 42.372806256272057
2332 42.22900119538194
2333 42.327662352813256
2334 42.793988859781649
2335 42.629850189403783
2336 43.079969329438939
2337 42.208170065934468
2338 42.39680216946612
2339 41.29723096661283
2340 41.488737864800413
2341 41.367557404146361
2342 41.600927659888001
2343 42.09817699667358
2344 41.451542217506116
2345 40.40733645951186
2346 40.141501945837945
2347 40.431375505615812
2348 40.044119457575825
2349 39.826309425330351
2350 40.186979809318551
2351 40.04427167418271
2352 40.179865789442282
2353 40.7015920425819
2354 40.508646919853959
2355 39.621241917453069
2356 40.063644164687254
2357 39.396853933658285
2358 40.66409838350998
2359 40.108411768345036
2360 40.233862094591586
2361 39.928652716423883
2362 39.965734175072647
2363 40.814456791735672
2364 40.23911206040291
2365 39.914821128081257
2366 40.422080968138843
2367 40.492579339958311
2368 41.47283964967626
2369 41.021829921367811
2370 39.908472112570145
2371 40.800367977199834
2372 41.242448740252811
2373 40.598373010098584
2374 40.670689045188574
2375 40.721893424074764
2376 40.205300324463614
2377 40.860363701164985
2378 41.545686093877421
2379 41.566400785018381
2380 41.914252934213238
2381 42.093440140018302
2382 41.231098637186001
2383 41.131427473814135
2384 41.05523694330563
2385 40.723441374917584
2386 40.993750827805336
2387 40.938595800990612
2388 40.961447791197763
2389 41.595602462205889
2390 41.267229594171489
2391 41.443902686387325
2392 40.158667140107958
2393 40.348462864637966
2394 40.063026713129887
2395 40.126832183192228
2396 39.921380930573136
2397 39.945420064041173
2398 39.309311504161144
2399 39.276085794023821
2400 39.504998217465555
2401 39.823298617088263
2402 40.372945184602081
2403 40.240972846601522
2404 40.306570107801768
2405 40.288877850918531
2406 40.647859211331088
2407 40.334162138366473
2408 40.593389577190898
2409 40.625715151564393
2410 40.677618694673711
2411 41.130890719933717
2412 40.130800393232562
2413 40.172999379620791
2414 40.247979301565763
2415 40.793341644758698
2416 40.23455296989556
2417 40.110782856051813
2418 40.995210490230875
2419 39.473106479863773
2420 40.354663809314019
2421 40.401176018052283
2422 41.369290030713749
2423 42.256907669778812
2424 41.490169861219293
2425 41.643849873730005
2426 42.597273706068577
2427 41.424199759392131
2428 41.320199010547149
2429 41.755671212539141
2430 41.44359566568415
2431 42.029526162640906
2432 42.654187197122205
2433 43.02757964707957
2434 41.975091875053906
2435 42.164564429052099
2436 42.663741142207158
2437 43.10602852242279
2438 42.342712670685323
2439 42.361507453105645
2440 42.023850613377761
2441 42.158890703032959
2442 43.292286435164243
2443 42.535743132103086
2444 43.893242596585154
2445 44.121827378725321
2446 43.483126995716667
2447 43.350769154716751
2448 43.223445722492805
2449 43.429411474134717
2450 43.889295985149566
2451 43.280847615978352
2452 42.79228781560429
2453 42.603887158792261
2454 42.331740059412141
2455 43.540645026667626
2456 42.406669062310058
2457 42.432336597382921
2458 42.22571690062906
2459 42.004530494548398
2460 42.154535355684196
2461 41.88141531796137
2462 42.326516313474876
2463 42.015896365016118
2464 42.043004686890839
2465 41.972360981250361
2466 40.982194944491312
2467 41.119938599200808
2468 41.38949970885664
2469 42.040877795130903
2470 42.015862549742621
2471 41.710826983306887
2472 41.301759393551116
2473 41.601610148769971
2474 41.184288256666754
2475 41.055011814789104
2476 41.973361288767045
2477 41.033629189231846
2478 41.423704997139815
2479 40.91946825397406
2480 40.559026817745838
2481 41.252904258393379
2482 42.336901632053348
2483 42.219365896768394
2484 43.42658995855367
2485 42.161664868608462
2486 41.651256099533178
2487 41.385722333495586
2488 42.68287911681044
2489 40.987909888429364
2490 41.436631571013166
2491 41.567492828792396
2492 41.375471527593071
2493 41.041939039379045
2494 41.75871958214266
2495 42.465553244561605
2496 42.692282024330154
2497 43.329932760256824
2498 42.898299772559589
2499 43.084793137174216
2500 43.80587421582743
2501 44.184687001472994
2502 44.23590837098974
2503 44.449405927341409
2504 45.028435323131838
2505 44.581229691099658
2506 44.219259984820262
2507 44.000551208436001
2508 44.30993080039319
2509 44.810841551681726
2510 44.317849993369421
2511 43.708571195339971
2512 43.989371250106316
2513 43.03371107478479
2514 43.275734814140229
2515 44.21035375044405
2516 43.124489425943345
2517 43.620162470710724
2518 43.23254705234433
2519 43.718849144175437
2520 44.465889838916823
2521 43.374776313135492
2522 44.269968620916607
2523 44.577054901174961
2524 45.476220403690853
2525 45.470531294085454
2526 44.661200559909545
2527 43.893371978027439
2528 45.169672128980892
2529 44.203889209031431
2530 44.176810511141746
2531 44.131270409695261
2532 44.068284480255684
2533 44.405093054494799
2534 43.675333481242177
2535 43.904288543977678
2536 44.55385763080772
2537 44.601409182143449
2538 42.962696992253676
2539 42.968780948973546
2540 43.443917880850698
2541 43.17631041992427
2542 43.194870902995355
2543 43.783444434348276
2544 44.310249737315033
2545 44.458967184319491
2546 44.673109963033887
2547 44.845976065229173
2548 44.987997171386034
2549 44.508736045949149
2550 44.14528720673745
2551 43.760315486375042
2552 44.221738290337271
2553 43.812642083054705
2554 44.685633239315258
2555 44.928974465176957
2556 45.380761569378549
2557 44.718482399490647
2558 45.31738164463701
2559 45.602388153713079
2560 44.57092131202392
2561 44.933284565619807
2562 45.100404317846262
2563 44.07602220210282
2564 43.60480949690691
2565 44.311304143516864
2566 43.600670938562146
2567 43.287523883321704
2568 44.124526346737028
2569 44.180359637840148
2570 43.359578723043256
