0.000000000000000000e+00
0.000000000000000000e+00
2.607408309697425874e+00
2.691120793218087837e+00
2.812026898030182576e+00
2.914863409164901054e+00
2.993472935024485970e+00
3.050896297903896048e+00
3.091902509356105000e+00
3.120751945697523233e+00
3.140866786327702886e+00
3.154760855874409131e+00
3.164370698878212984e+00
3.171052490875369667e+00
3.175677386742842501e+00
3.179006387006163337e+00
3.181471435676760162e+00
3.183398214404778770e+00
3.185001825866867975e+00
3.186422042162869950e+00
3.187752350747867780e+00
3.189045393893647162e+00
3.190335770896111089e+00
3.191636568071282376e+00
3.192959264495303540e+00
3.194299715902954695e+00
3.195658018864169669e+00
3.197031839707949352e+00
3.198412064149806167e+00
3.199795473706143145e+00
3.201180497768485900e+00
3.202559967308121980e+00
3.203930517022812730e+00
3.205289015103344852e+00
3.206635374551493722e+00
3.207966619538855646e+00
3.209289167919447294e+00
3.210586869484084005e+00
3.211866694240022468e+00
3.213128469450162950e+00
3.214372142984806668e+00
3.215597401840841307e+00
3.216804346888017641e+00
3.217993932245538868e+00
3.219165896704738739e+00
3.220320956489932662e+00
3.221459395998221620e+00
3.222581731031699981e+00
3.223701848047268559e+00
3.224779127038974291e+00
3.225855266172975799e+00
3.226917188738672948e+00
3.227964929370009006e+00
3.229012262525845500e+00
3.230028255039648855e+00
3.231036267310251286e+00
3.232033246303037455e+00
3.233017712497463503e+00
3.233984574570375692e+00
3.234945033127802905e+00
3.235890999493221010e+00
3.236824676565746017e+00
3.237741501289492785e+00
3.238664012150875404e+00
3.239556443255549034e+00
3.240447500099049805e+00
3.241327555162361040e+00
3.242196866539065248e+00
3.243054898331316771e+00
3.243912971240618059e+00
3.244739339960027724e+00
3.245564893513786853e+00
3.246379239422248375e+00
3.247182581455238637e+00
3.247974574165244821e+00
3.248755353096889120e+00
3.249524272412423365e+00
3.250281941696128829e+00
3.251026943924058443e+00
3.251758997037617505e+00
3.252480077755233179e+00
3.253186895190578909e+00
3.253880972151479867e+00
3.254560568833865464e+00
3.255226953444196880e+00
3.255878519862899889e+00
3.256515861451795502e+00
3.257136807181796101e+00
3.257742114850353587e+00
3.258330374306124266e+00
3.258902286789328695e+00
3.259455505999299341e+00
3.259990918658450365e+00
3.260506597835706177e+00
3.261002814339861722e+00
3.261478475498578611e+00
3.261932266100666666e+00
3.262363477484799379e+00
3.262772177700664855e+00
3.263154839256490192e+00
3.263513933474273987e+00
3.263846200386467444e+00
3.264151420039464124e+00
3.264428048429925955e+00
3.264675884122993033e+00
3.264892816031546463e+00
3.265077772031474534e+00
3.265229723984901966e+00
3.265348022214789925e+00
3.265430072255311345e+00
3.265475772898664086e+00
3.265483316068796160e+00
3.265451867262845198e+00
3.265379965078318847e+00
3.265265601452922439e+00
3.265107985833755944e+00
3.264905491340873489e+00
3.264657785153312286e+00
3.264362767295565071e+00
3.264019042997106101e+00
3.263626187591329497e+00
3.263182433479436817e+00
3.262686916178301200e+00
3.262138107314366930e+00
3.261535642887035902e+00
3.260878890694453691e+00
3.260166610074353155e+00
3.259398697645101706e+00
3.258572993583253030e+00
3.257691348935874309e+00
3.256752113829927353e+00
3.255755571389274294e+00
3.254701482778577404e+00
3.253590403517383489e+00
3.252422766211868765e+00
3.251198826665685271e+00
3.249919988806603044e+00
3.248586442677144248e+00
3.247200560481782183e+00
3.245761904194549796e+00
3.244273618827860695e+00
3.242736924764444861e+00
3.241153642549346792e+00
3.239525894142755380e+00
3.237864922128378620e+00
3.236159092291399197e+00
3.234412555954152335e+00
3.232630281405793227e+00
3.230825755915454955e+00
3.228974588204443830e+00
3.227112088571167714e+00
3.225227829849235839e+00
3.223325603696884922e+00
3.221409270711426576e+00
3.219481432739483395e+00
3.217546347830988918e+00
3.215606765638140185e+00
3.213666165952121290e+00
3.211728184165584477e+00
3.209788023426389802e+00
3.207865198920087035e+00
3.205955024780652529e+00
3.204059579443488737e+00
3.202180862471168510e+00
3.200321487279825572e+00
3.198487448524343080e+00
3.196679026422456271e+00
3.194898530206108145e+00
3.193144696339885513e+00
3.191423797634735049e+00
3.189736958236963016e+00
3.188083394235585732e+00
3.186467071222264913e+00
3.184887455193213590e+00
3.183345353928124233e+00
3.181837188940563443e+00
3.180378312330645052e+00
3.178948401040431193e+00
3.177567433615143599e+00
3.176224008281759215e+00
3.174936228348822276e+00
3.173674743838924783e+00
3.172459611387981049e+00
3.171285198972825903e+00
3.170114031161931578e+00
3.169037277285724485e+00
3.167966833231585344e+00
3.166956347226158819e+00
3.165970228216178128e+00
3.164986564455880114e+00
3.164071731461941983e+00
3.163193906447999915e+00
3.162348071151392048e+00
3.161535346760518284e+00
3.160758493172512562e+00
3.160011596111541365e+00
3.159294242005352693e+00
3.158609130677171972e+00
3.157950426288462786e+00
3.157322760152713403e+00
3.156718965795197729e+00
3.156144007399855678e+00
3.155591354741682508e+00
3.155067191466634391e+00
3.154562400719631565e+00
3.154082614912174343e+00
3.153623506565302659e+00
3.153185350147912569e+00
3.152764002340560978e+00
3.152366331347958184e+00
3.151987397775382505e+00
3.151623551187447525e+00
3.151276772769435297e+00
3.150948337161513901e+00
3.150633917492231539e+00
3.150358516892911354e+00
3.150048166678298678e+00
3.149777188686092355e+00
3.149517388299051035e+00
3.149273331836328182e+00
3.149064944453977333e+00
3.148816140074699899e+00
3.148629375437469236e+00
3.148427393500517368e+00
3.148237038992114822e+00
3.148028784837973770e+00
3.147882346545779697e+00
3.147690352612167342e+00
3.147558505657545247e+00
3.147410438741462091e+00
3.147269640378442368e+00
3.147135214894743793e+00
3.146980558321307075e+00
3.146858540029675577e+00
3.146743409393237823e+00
3.146659246337885296e+00
3.146556735353668088e+00
3.146431064410579292e+00
3.146364057004043424e+00
3.146274133125002148e+00
3.146186835793596703e+00
3.146108132865252927e+00
3.146006177777761703e+00
3.145959997381119422e+00
3.145891386268614198e+00
3.145825738883523126e+00
3.145737740907613489e+00
3.145702209347034817e+00
3.145622887524592848e+00
3.145596202866556723e+00
3.145544235416056100e+00
3.145498606940084318e+00
3.145453595808543223e+00
3.145410620508323873e+00
3.145370414615891175e+00
3.145330108673640268e+00
3.145294287886852835e+00
3.145255890947744604e+00
3.145223716926676794e+00
3.145192999982096893e+00
3.145165192590584358e+00
3.145137269965823990e+00
3.145108670410507568e+00
3.145084674825728843e+00
3.145059996603392971e+00
3.145034486797123385e+00
3.145013679590798361e+00
3.144995726824052706e+00
3.144974983501639176e+00
3.144956378749082848e+00
3.144937617965565924e+00
3.144924753103844672e+00
3.144908205913947707e+00
3.144891626586213018e+00
3.144878758656146633e+00
3.144866223951434225e+00
3.144854427848179146e+00
3.144839461608049724e+00
3.144829648294629187e+00
3.144818263649235224e+00
3.144808528645830936e+00
3.144800497841130138e+00
3.144764851417071405e+00
3.144778949841405158e+00
3.144772303923903500e+00
3.144764027270975149e+00
3.144759263696030871e+00
3.144751607357115564e+00
3.144744382965980911e+00
3.144735561031568150e+00
3.144732932821293403e+00
3.144723505416394449e+00
3.144721421515273896e+00
3.144714681547452262e+00
3.144706335613590475e+00
3.144702743656061728e+00
3.144701172868814787e+00
3.144695457002528727e+00
3.144693155894421555e+00
3.144690247336038524e+00
3.144687908658925224e+00
3.144683020134326323e+00
3.144680037759226110e+00
3.144676240996405525e+00
3.144674829214621159e+00
3.144670522497832188e+00
3.144669192562834059e+00
3.144665899205858484e+00
3.144663955521666221e+00
3.144661978361205090e+00
3.144659990635366054e+00
3.144633089608019905e+00
3.144630987788084031e+00
3.144653907812644533e+00
3.144654579710190578e+00
3.144647495800325210e+00
3.144646111700489133e+00
3.144650825667104854e+00
3.144646015124386462e+00
3.144644224215501271e+00
3.144645091082776123e+00
3.144643289408533438e+00
3.144641216967786868e+00
3.144616739905317093e+00
3.144642635364830685e+00
3.144640308333005674e+00
3.144640871338922672e+00
3.144639845369341824e+00
3.144611692330489650e+00
3.144634803484492203e+00
3.144637183286729254e+00
3.144610284964372671e+00
3.144633268085021971e+00
3.144634277655194321e+00
3.144634178512982547e+00
3.144632458535419062e+00
3.144607889206436191e+00
3.144632195626082094e+00
3.144631937582678560e+00
3.144628565176935009e+00
3.144630395921271138e+00
3.144630979330904630e+00
3.144629553091293772e+00
3.144631448822969855e+00
3.144628456668619787e+00
3.144630443024055921e+00
3.144627881492418009e+00
3.144629472495492184e+00
3.144627509847770064e+00
3.144627365882125325e+00
3.144626746295172914e+00
3.144626975418669534e+00
3.144629580633537813e+00
3.144629450034937435e+00
3.144628042687282576e+00
3.144628679044773722e+00
3.144623617111741432e+00
3.144627819158471116e+00
3.144627929298737801e+00
3.144623702473057225e+00
3.144623964048655296e+00
3.144626607578537847e+00
3.144600778125628882e+00
3.144601133874556975e+00
3.144625996862877582e+00
3.144626951648784363e+00
3.144624700753451130e+00
3.144625531068592661e+00
3.144624402203135549e+00
3.144625605184772077e+00
3.144626434055473929e+00
3.144626060775700171e+00
3.144625390701621281e+00
3.144625894904622854e+00
3.144623299999271815e+00
3.144623708412157548e+00
3.144600047429252587e+00
3.144623420614621523e+00
3.144624683318709479e+00
3.144623834549737929e+00
3.144623425184941201e+00
3.144625098482740189e+00
3.144621618037745758e+00
3.144625937887557843e+00
3.144619036868520290e+00
3.144621939835782420e+00
3.144625651873425465e+00
3.144624896549313320e+00
3.144625378789884351e+00
3.144622078346267724e+00
3.144624908528090401e+00
3.144626359444144814e+00
3.144623058128416471e+00
3.144599103337804458e+00
3.144624392772879862e+00
3.144624019274240290e+00
3.144621290988204088e+00
3.144622106557334096e+00
3.144624173619027019e+00
3.144624230376828589e+00
3.144625448691659830e+00
3.144623201379749933e+00
3.144623428294136769e+00
3.144599444260331111e+00
3.144622942265600685e+00
3.144625881339065288e+00
3.144621359121013260e+00
3.144623766791030395e+00
3.144623543620360895e+00
3.144621737985822563e+00
3.144624200254750424e+00
3.144625027379765125e+00
3.144623112408309051e+00
3.144625955901641401e+00
3.144624547841981865e+00
3.144625014662628004e+00
3.144624298423369435e+00
3.144622727105443438e+00
3.144623849722389952e+00
3.144622054667666422e+00
3.144621840531987900e+00
3.144623333504901197e+00
3.144626151425867988e+00
3.144623625613855555e+00
3.144622954705999618e+00
3.144623806693973567e+00
3.144624845772194810e+00
3.144625187139482136e+00
3.144622430032930627e+00
3.144622552522995385e+00
3.144599064300947155e+00
3.144623762839910075e+00
3.144621601059630844e+00
3.144621488862178627e+00
3.144622741829517398e+00
3.144620787225470337e+00
3.144624831133743026e+00
3.144598806762558763e+00
3.144625508150885373e+00
3.144624843655702051e+00
3.144624000621732751e+00
3.144624610423783828e+00
3.144625804780935674e+00
3.144624057139387308e+00
3.144622420158350362e+00
3.144625421117200226e+00
3.144625500056160483e+00
3.144625685644425239e+00
3.144623503810711984e+00
3.144625064050467600e+00
3.144598994660212199e+00
3.144626263159620461e+00
3.144624094962630956e+00
3.144621160617519173e+00
3.144597610469483495e+00
3.144625165789501686e+00
3.144624559161852684e+00
3.144624147507711243e+00
3.144624246271091383e+00
3.144624494502574752e+00
3.144623634159081860e+00
3.144624854245966272e+00
3.144624244347444808e+00
3.144623985063127680e+00
3.144623059994410941e+00
3.144622114718348627e+00
3.144624049290299261e+00
3.144623261785695956e+00
3.144624792776256950e+00
3.144624542307216331e+00
3.144623741474361189e+00
3.144624483098625412e+00
3.144624077700667097e+00
3.144622739335937833e+00
3.144624124369149953e+00
3.144622896513620702e+00
3.144625016110026205e+00
3.144624087789632760e+00
3.144622716123226969e+00
3.144621658962283739e+00
3.144621660412157294e+00
3.144624747681984633e+00
3.144621995133813463e+00
3.144622425921022035e+00
3.144624565431529462e+00
3.144625988787606463e+00
3.144625718520842383e+00
3.144624978644014579e+00
3.144624139182625289e+00
3.144625356918623993e+00
3.144622411837878495e+00
3.144622804357018797e+00
3.144624834848404937e+00
3.144598718032672657e+00
3.144625483388034048e+00
3.144624198144132965e+00
3.144623836445838538e+00
3.144622831224907156e+00
3.144625432581380498e+00
3.144599240542881091e+00
3.144623405731612031e+00
3.144626204005245285e+00
3.144625119868301510e+00
3.144625724262981148e+00
3.144625587389985100e+00
3.144620686581511393e+00
3.144625430492558493e+00
3.144621598648030147e+00
3.144599195595759955e+00
3.144625065945273690e+00
3.144619457151178743e+00
3.144625065379444528e+00
3.144623874749741699e+00
3.144622400134235995e+00
3.144625087238929417e+00
3.144624771945485175e+00
3.144623054494588121e+00
3.144624113584017611e+00
3.144623941869401307e+00
3.144625712975821941e+00
3.144623315704088373e+00
3.144622990949407004e+00
3.144624277310018812e+00
3.144624395875303957e+00
3.144624499674983920e+00
3.144621973100553802e+00
3.144624455427399656e+00
3.144623194423215917e+00
3.144624642650719171e+00
3.144622787710477763e+00
3.144625335274755074e+00
3.144625134580933068e+00
3.144622011929716354e+00
3.144623154458117131e+00
3.144624671905646984e+00
3.144624253725579965e+00
3.144624472363921619e+00
3.144624778714375513e+00
3.144625279539274842e+00
3.144624316225294258e+00
3.144625988052352383e+00
3.144624855621781734e+00
3.144624864140677101e+00
3.144623597856309072e+00
3.144623049000131676e+00
3.144624570592565505e+00
3.144625665096061784e+00
3.144599160130612248e+00
3.144598888085466726e+00
3.144599213723588527e+00
3.144624263347933990e+00
3.144621743799528968e+00
3.144620645905416900e+00
3.144622891460186143e+00
3.144623310905035662e+00
3.144623390055093726e+00
3.144626181868618975e+00
3.144624739444477513e+00
3.144624086425934717e+00
3.144625386739718031e+00
3.144624791774637718e+00
3.144599207769293692e+00
3.144624109936023260e+00
3.144622515579805100e+00
3.144622367303175903e+00
3.144622020700874376e+00
3.144621905929943839e+00
3.144622654196900235e+00
3.144623235360784808e+00
3.144623453032230564e+00
3.144624062521180097e+00
3.144623820940018355e+00
3.144624234982001720e+00
3.144624807660819865e+00
3.144625516530843434e+00
3.144625805583898703e+00
3.144625322105035092e+00
3.144622740838357355e+00
3.144623136090666460e+00
3.144623680645509900e+00
3.144623341842812003e+00
3.144624077584138089e+00
3.144624553371613285e+00
3.144624352167892489e+00
3.144624998566607932e+00
3.144599217460024132e+00
3.144626087995007424e+00
3.144625672891586010e+00
3.144599239689259473e+00
3.144599236996060032e+00
3.144625677860164004e+00
3.144625698349731380e+00
3.144625635585827972e+00
3.144625682410985945e+00
3.144625642071386284e+00
3.144625777002231004e+00
3.144625814102098182e+00
3.144625099682834879e+00
3.144625217852027088e+00
3.144624989939125204e+00
3.144625072583751457e+00
3.144625237109292204e+00
3.144625451072269762e+00
3.144625347247775871e+00
3.144625306119683827e+00
3.144625461163862212e+00
3.144625008435824487e+00
3.144625009201476473e+00
3.144624952163296960e+00
3.144625266236365402e+00
3.144625182527003737e+00
3.144625735759244201e+00
3.144625699376393246e+00
3.144625731471000218e+00
3.144625831539094030e+00
3.144625739843557088e+00
3.144625770433012057e+00
3.144625769552517713e+00
3.144625651551417711e+00
3.144625746866703153e+00
3.144625780377325430e+00
3.144625671223319596e+00
3.144626242670906180e+00
3.144626278183635382e+00
3.144599203070321369e+00
3.144626002976957935e+00
3.144625672114575110e+00
3.144626097210997617e+00
3.144626120742864295e+00
3.144625967442457704e+00
3.144599262753445590e+00
3.144626267794955687e+00
3.144626174458767132e+00
3.144625606038168542e+00
3.144624656746004998e+00
3.144624368787472424e+00
3.144624294437971201e+00
3.144624389348959603e+00
3.144624426451326116e+00
3.144624355336073318e+00
3.144623990891380227e+00
3.144623968469097530e+00
3.144623995425074092e+00
3.144623857995236360e+00
3.144623716416518722e+00
3.144623435603659534e+00
3.144623681575810625e+00
3.144623653257837326e+00
3.144623793806928358e+00
3.144623456654790150e+00
3.144623089811082295e+00
3.144623060390544289e+00
3.144623075643469878e+00
3.144622798811192332e+00
3.144622817969102702e+00
3.144622545617541842e+00
3.144622527436708115e+00
3.144623698659355426e+00
3.144625382462935104e+00
3.144624962477819086e+00
3.144624993727573425e+00
3.144625853913862290e+00
3.144625747313115394e+00
3.144625766386952126e+00
3.144625920904890126e+00
3.144625807608156798e+00
3.144625653442626234e+00
3.144625527557980416e+00
3.144625423021536026e+00
3.144624889989326100e+00
3.144625034990344847e+00
3.144624990667482134e+00
3.144624621278244714e+00
3.144624612463226665e+00
3.144624224347902341e+00
3.144624274777076955e+00
3.144624326513427715e+00
3.144624129932600987e+00
3.144624267306316057e+00
3.144624046192581179e+00
3.144624086751185210e+00
3.144624210831818978e+00
3.144623790358858972e+00
3.144624158045138618e+00
3.144624052145719162e+00
3.144624024710719112e+00
3.144623961652734945e+00
3.144623944680101868e+00
3.144624130868016287e+00
3.144624081393437631e+00
3.144624018080382388e+00
3.144623973399330197e+00
3.144623898521999195e+00
3.144623643863730500e+00
3.144623459503754770e+00
3.144623144303501316e+00
3.144623236285488677e+00
3.144623052712031352e+00
3.144623450733415648e+00
3.144623530308738424e+00
3.144623381438483634e+00
3.144623341153994556e+00
3.144623248609898170e+00
3.144623326938075003e+00
3.144623344539808851e+00
3.144623129326259203e+00
3.144622754179861257e+00
3.144622725871740077e+00
3.144622691126988112e+00
3.144622203208488731e+00
3.144622420554061826e+00
3.144622481068195530e+00
3.144622496867016892e+00
3.144622517395747607e+00
3.144622307697453323e+00
3.144621964573352635e+00
3.144622165152087589e+00
3.144622129760110685e+00
3.144622143145331172e+00
3.144622058921138663e+00
3.144621987061853474e+00
3.144621987109020633e+00
3.144621843121588434e+00
3.144622032847610882e+00
3.144622133907424733e+00
3.144622797339118758e+00
3.144622450072169340e+00
3.144622641039726663e+00
3.144622322476841703e+00
3.144622474542029256e+00
3.144622717474760076e+00
3.144622647406853044e+00
3.144622890682644112e+00
3.144622922628049100e+00
3.144623011711200178e+00
3.144622969009424729e+00
3.144623117537085566e+00
3.144622939526581007e+00
3.144622924929690644e+00
3.144623093186166507e+00
3.144622994012149508e+00
3.144622444466869560e+00
3.144622448539906134e+00
3.144622926365104210e+00
3.144622900729257431e+00
3.144623291193057835e+00
3.144623386810720955e+00
3.144623368567729838e+00
3.144624181924678741e+00
3.144624062327727287e+00
3.144624118213269259e+00
3.144624299156931091e+00
3.144624163485830959e+00
3.144624251906188217e+00
3.144625505564876633e+00
3.144625893100788883e+00
3.144626080859054706e+00
3.144625765977065335e+00
3.144625556721456938e+00
3.144599140646598290e+00
3.144599104631853326e+00
3.144599235586983177e+00
3.144625995121382633e+00
3.144626029232427289e+00
3.144626068126011198e+00
3.144625871581617549e+00
3.144625930920041501e+00
3.144625663992214992e+00
3.144625662404824329e+00
3.144625658603589002e+00
3.144625018979422482e+00
3.144624907919001178e+00
3.144625064770915301e+00
3.144625198854233084e+00
3.144625740218709442e+00
3.144625214092982901e+00
3.144625255363549421e+00
3.144625033366668099e+00
3.144625027297096143e+00
3.144624939926417007e+00
3.144624707680317766e+00
3.144624527577155604e+00
3.144624816112520982e+00
3.144625354716694243e+00
3.144625007508937919e+00
3.144625103390437992e+00
3.144624908697827514e+00
3.144624933543354484e+00
3.144624574742102663e+00
3.144624378472764104e+00
3.144623709245456755e+00
3.144623915564332073e+00
3.144624578903263412e+00
3.144624693002108895e+00
3.144624408108176450e+00
3.144624140588959005e+00
3.144624153099234043e+00
3.144624217642033148e+00
3.144623713483777117e+00
3.144623921822645940e+00
3.144623744475928184e+00
3.144623749212608566e+00
3.144623797725002223e+00
3.144623745726785824e+00
3.144623848500893715e+00
3.144624302876070754e+00
3.144624645537093865e+00
3.144624671507185276e+00
3.144624714462192827e+00
3.144624831705836066e+00
3.144624890084787960e+00
3.144624555871281757e+00
3.144624594052593203e+00
3.144625335244402020e+00
3.144625255243251871e+00
3.144625301081334090e+00
3.144625242586454483e+00
3.144625934635811415e+00
3.144625883469129413e+00
3.144625907001544540e+00
3.144625443330155701e+00
3.144625541547241276e+00
3.144625426363643950e+00
3.144626180972247109e+00
3.144626202425452099e+00
3.144625761691202115e+00
3.144625268720750988e+00
3.144624752876515217e+00
3.144624571152683234e+00
3.144624618811102668e+00
3.144624511105211351e+00
3.144623818044506525e+00
3.144623754883367983e+00
3.144623803298448816e+00
3.144623673533597952e+00
3.144623634288735481e+00
3.144623451755617527e+00
3.144623574054481896e+00
3.144623598089343108e+00
3.144622949265719836e+00
3.144622937127659501e+00
3.144622847475420091e+00
3.144622817991049146e+00
3.144622924061759583e+00
3.144623038944999838e+00
3.144622544917380580e+00
3.144623764792618292e+00
3.144623397484745730e+00
3.144623395362861284e+00
3.144623490344303107e+00
3.144623412408319219e+00
3.144623440925518043e+00
3.144623219983870399e+00
3.144623179329570917e+00
3.144623318535236578e+00
3.144622641670843599e+00
3.144622252321484179e+00
3.144622681908727735e+00
3.144622855307996012e+00
3.144622818788132879e+00
3.144622388452112283e+00
3.144622276022212226e+00
3.144622319990129533e+00
3.144622335935354229e+00
3.144622907181570781e+00
3.144622864829816233e+00
3.144622572873147615e+00
3.144622685762220371e+00
3.144622591202223649e+00
3.144622807563245193e+00
3.144622951802313882e+00
3.144622778000338403e+00
3.144622937395186391e+00
3.144622958015734326e+00
3.144622772390427201e+00
3.144622181033073893e+00
3.144622223722911336e+00
3.144621969817991136e+00
3.144621698451600889e+00
3.144621570220896167e+00
3.144621362313476887e+00
3.144621310471455988e+00
3.144621450065930190e+00
3.144621022641353125e+00
3.144620935157997454e+00
3.144620840696972675e+00
3.144621171467497867e+00
3.144621056874175924e+00
3.144620988472614176e+00
3.144620674399041693e+00
3.144620993950895116e+00
3.144621015784589524e+00
3.144621049544043867e+00
3.144620976177652238e+00
3.144620540997295599e+00
3.144621266523628389e+00
3.144621292117766753e+00
3.144621078719098684e+00
3.144621064749638428e+00
3.144621676020669998e+00
3.144621584329948760e+00
3.144621938257652793e+00
3.144622086510374892e+00
3.144621669626739724e+00
3.144621501565923349e+00
3.144621575098032196e+00
3.144621515196562189e+00
3.144621140930792258e+00
3.144621877895276807e+00
3.144621797892798387e+00
3.144621733856312051e+00
3.144621874096964032e+00
3.144621841431253895e+00
3.144621736864965822e+00
3.144622824830325403e+00
3.144622751339634981e+00
3.144622808661328150e+00
3.144622692901883010e+00
3.144622689889430056e+00
3.144622573280855260e+00
3.144622498397043664e+00
3.144622445874839300e+00
3.144622463268140766e+00
3.144622494710770155e+00
3.144622463661776113e+00
3.144623716468169405e+00
3.144623736699329708e+00
3.144623750636193371e+00
3.144624383395350442e+00
3.144624055587168510e+00
3.144624762502835846e+00
3.144624829244060837e+00
3.144625793089183663e+00
3.144625934215024454e+00
3.144625913823195340e+00
3.144625870199012851e+00
3.144625503194515836e+00
3.144625315256488474e+00
3.144624996681099738e+00
3.144625557393365245e+00
3.144625544421671304e+00
3.144625768151744882e+00
3.144625583982445960e+00
3.144625609952304224e+00
3.144625647483019204e+00
3.144625638172330095e+00
3.144598860901045789e+00
3.144599089879114739e+00
3.144599068761269489e+00
3.144599164259244350e+00
3.144599203696026191e+00
3.144599177254827627e+00
3.144626203486902583e+00
3.144626174169446120e+00
3.144599095945152190e+00
3.144599134048913669e+00
3.144599050883488456e+00
3.144599216571561939e+00
3.144599083427340958e+00
3.144599101603147595e+00
3.144599170739384331e+00
3.144599121328938818e+00
3.144599057616477733e+00
3.144599085281893025e+00
3.144599023185651987e+00
3.144599087969990325e+00
3.144599072642498605e+00
3.144599167835409492e+00
3.144626196062998869e+00
3.144626170838507040e+00
3.144626109364633937e+00
3.144599223539050303e+00
3.144598897397937964e+00
3.144598906244862491e+00
3.144598756919472216e+00
3.144598792321292358e+00
3.144598740071990584e+00
3.144598657286534316e+00
3.144598741561299260e+00
3.144598763877247016e+00
3.144598803799330433e+00
3.144598916459722115e+00
3.144598480373265392e+00
3.144598576135466228e+00
3.144598604673081166e+00
3.144598319309043877e+00
3.144598472089130237e+00
3.144598385376073946e+00
3.144598394020002186e+00
3.144598624186157210e+00
3.144598806825082082e+00
3.144598770658538989e+00
3.144598925702258629e+00
3.144598912566476390e+00
3.144598913042038202e+00
3.144599131382205037e+00
3.144625814593850155e+00
3.144599136521498028e+00
3.144626136889427492e+00
3.144599237462527785e+00
3.144599246522966407e+00
