0.000000000000000000e+00
0.000000000000000000e+00
4.378487688707620507e+00
4.437785054059180112e+00
4.561981924917029474e+00
4.661362586513576822e+00
4.734091036225278160e+00
4.785512633781985770e+00
4.821487756145248049e+00
4.846682392506711956e+00
4.864483454541039364e+00
4.877261471645267576e+00
4.886646042288801617e+00
4.893744599631947523e+00
4.899307331102875196e+00
4.903838472857750652e+00
4.907675446128881624e+00
4.911042755141053817e+00
4.914088888283652423e+00
4.916911331161176513e+00
4.919573631128942637e+00
4.922116950188397233e+00
4.924567760013448314e+00
4.926943039978669781e+00
4.929253694735687752e+00
4.931506818926364666e+00
4.933707178900346157e+00
4.935858118880111611e+00
4.937962161364060520e+00
4.940021383764332086e+00
4.942037622177031686e+00
4.944012613060714045e+00
4.945948019860289868e+00
4.947845499289152293e+00
4.949706674302742471e+00
4.951533175404200016e+00
4.953326602818058255e+00
4.955088525810709577e+00
4.956820461903834740e+00
4.958523890596399752e+00
4.960200244471298703e+00
4.961850877811913030e+00
4.963477095823187746e+00
4.965080138881873495e+00
4.966661174618416830e+00
4.968221328358651157e+00
4.969761637252234188e+00
4.971283107301797344e+00
4.972786658609495980e+00
4.974273182082891154e+00
4.975743496249445563e+00
4.977198380128813326e+00
4.978638573807024237e+00
4.980064756646038759e+00
4.981477581253948017e+00
4.982877660922004459e+00
4.984265555040283679e+00
4.985641813497068142e+00
4.987006924522729534e+00
4.988361393544387568e+00
4.989705660401474674e+00
4.991040141489740734e+00
4.992365244349251441e+00
4.993681344125787902e+00
4.994988800016286312e+00
4.996287944160433092e+00
4.997579105800518562e+00
4.998862574447523244e+00
5.000138636701655592e+00
5.001407565642855602e+00
5.002669613752131816e+00
5.003925024127280352e+00
5.005174014556641460e+00
5.006416819838200638e+00
5.007653633691103501e+00
5.008884652391837555e+00
5.010110064512823591e+00
5.011330036867575721e+00
5.012544735993495593e+00
5.013754327206544126e+00
5.014958953749909298e+00
5.016158754044605317e+00
5.017353867739617890e+00
5.018544414758540739e+00
5.019730522585787114e+00
5.020912307102360472e+00
5.022089868897646525e+00
5.023263309666090137e+00
5.024432726920760039e+00
5.025598215452146356e+00
5.026759857262374176e+00
5.027917729174322226e+00
5.029071922104530579e+00
5.030222494781105169e+00
5.031369524252318648e+00
5.032513065454498502e+00
5.033653183354010352e+00
5.034789921398344248e+00
5.035923348328537941e+00
5.037053507278159259e+00
5.038180432352096005e+00
5.039304176823795167e+00
5.040424770017356337e+00
5.041542252881058950e+00
5.042656650984612021e+00
5.043767996027595402e+00
5.044876310267106589e+00
5.045981613932168486e+00
5.047083929686401405e+00
5.048183270000379252e+00
5.049279652667614471e+00
5.050373078728056520e+00
5.051463568493334222e+00
5.052551112348218076e+00
5.053635722286535348e+00
5.054717398252110527e+00
5.055796137332178475e+00
5.056871924756673131e+00
5.057944752851126324e+00
5.059014614419522715e+00
5.060081499860719312e+00
5.061145388920810895e+00
5.062206257620559313e+00
5.063264089112294641e+00
5.064318851543774258e+00
5.065370534915776268e+00
5.066419092320835205e+00
5.067464496784401362e+00
5.068506720071406235e+00
5.069545715634764527e+00
5.070581444259706139e+00
5.071613865163009827e+00
5.072642930898703995e+00
5.073668599542996205e+00
5.074690809499244004e+00
5.075709511255900530e+00
5.076724646654795947e+00
5.077736157452642729e+00
5.078743977581853919e+00
5.079748045671179213e+00
5.080748289541766383e+00
5.081744637209006932e+00
5.082737014137062026e+00
5.083725346818053659e+00
5.084709544440053186e+00
5.085689529437623868e+00
5.086665211672048770e+00
5.087636501287069457e+00
5.088603302630541947e+00
5.089565517600764366e+00
5.090523048808412554e+00
5.091475781081346241e+00
5.092423619370878285e+00
5.093366443743547300e+00
5.094304140261559866e+00
5.095236585262963303e+00
5.096163663053592252e+00
5.097085244994883801e+00
5.098001194964599136e+00
5.098911381165362577e+00
5.099815661732532313e+00
5.100713901991283272e+00
5.101605947828153909e+00
5.102491649901843118e+00
5.103370852353248388e+00
5.104243393227011261e+00
5.105109116290666549e+00
5.105967843459414013e+00
5.106819409070072702e+00
5.107663631711852226e+00
5.108500324899488909e+00
5.109329312467991713e+00
5.110150398657559379e+00
5.110963380868634331e+00
5.111768078586409025e+00
5.112564264477938991e+00
5.113351742958664126e+00
5.114130282259297111e+00
5.114899683517293738e+00
5.115659714911815037e+00
5.116410142818433648e+00
5.117150736136305333e+00
5.117881260670991139e+00
5.118601462261126223e+00
5.119311106922196153e+00
5.120009928260653709e+00
5.120697679210617359e+00
5.121374087665228281e+00
5.122038894793947250e+00
5.122691821017031799e+00
5.123332590957717869e+00
5.123960929604939096e+00
5.124576546765156060e+00
5.125179147779018507e+00
5.125768452748737047e+00
5.126344147467857049e+00
5.126905938373090166e+00
5.127453516422603386e+00
5.127986572558008938e+00
5.128504784425826024e+00
5.129007850487308673e+00
5.129495444885779243e+00
5.129967237737163899e+00
5.130422903085549713e+00
5.130862117722200466e+00
5.131284551057316179e+00
5.131689862846966932e+00
5.132077719935095317e+00
5.132447782776637268e+00
5.132799715206092905e+00
5.133133185138501808e+00
5.133447838617005488e+00
5.133743347603832774e+00
5.134019358320377258e+00
5.134275054569648056e+00
5.134511079719591642e+00
5.134726594276931344e+00
5.134921260096329654e+00
5.135094770905888950e+00
5.135246762926718667e+00
5.135376928041646138e+00
5.135484932633985977e+00
5.135570475752897934e+00
5.135633233100637796e+00
5.135672876871818282e+00
5.135689125550632284e+00
5.135681682174602081e+00
5.135650248231155679e+00
5.135594550512695200e+00
5.135514797617000582e+00
5.135409752551052698e+00
5.135279159211614264e+00
5.135123776770803339e+00
5.134942834517002730e+00
5.134736151616175803e+00
5.134504004901715213e+00
5.134245202394552621e+00
5.133960061824979881e+00
5.133647917918455761e+00
5.133310115851456246e+00
5.132945022491637310e+00
5.132553016793660383e+00
5.132133995488107558e+00
5.131687874166104280e+00
5.131214588411011412e+00
5.130714081805525240e+00
5.130186332938867722e+00
5.129631329199040302e+00
5.129049088674487500e+00
5.128439648504346415e+00
5.127803039621016801e+00
5.127139364929170107e+00
5.126448711087838284e+00
5.125731198025230917e+00
5.124986973152519276e+00
5.124216200773870078e+00
5.123419073338887131e+00
5.122595804420149612e+00
5.121746631468183431e+00
5.120871821210843500e+00
5.119971651396633128e+00
5.119046439449124186e+00
5.118096515687128978e+00
5.117122229177952342e+00
5.116123967646362125e+00
5.115102141677540182e+00
5.114057172526032424e+00
5.112989499029525930e+00
5.111899602843666734e+00
5.110787973829199693e+00
5.109655129053240152e+00
5.108501602851839074e+00
5.107327948488883607e+00
5.106134738137743767e+00
5.104922565990539951e+00
5.103692040947823472e+00
5.102443795256056625e+00
5.101178466781027154e+00
5.099896720735924482e+00
5.098599214940896296e+00
5.097286654830300634e+00
5.095959728093325758e+00
5.094619143041671627e+00
5.093265620466663535e+00
5.091899893894840545e+00
5.090522698232677890e+00
5.089134765396249982e+00
5.087736856743967806e+00
5.086329726554137842e+00
5.084914117412981938e+00
5.083490801272821713e+00
5.082060528715021341e+00
5.080624058050130287e+00
5.079182155862776327e+00
5.077735571541010628e+00
5.076285055245923772e+00
5.074831363849662047e+00
5.073375228284978000e+00
5.071917387391433607e+00
5.070458564325324602e+00
5.068999483906251768e+00
5.067540843500277781e+00
5.066083355448052217e+00
5.064627691844477475e+00
5.063174536543978199e+00
5.061724545098522654e+00
5.060278367393056698e+00
5.058836630238428889e+00
5.057399965016442955e+00
5.055968956962146876e+00
5.054544198111116771e+00
5.053126261702249877e+00
5.051715691930890983e+00
5.050313034210360819e+00
5.048918785710750257e+00
5.047533461028918644e+00
5.046157527660981579e+00
5.044791446621605502e+00
5.043435670891638800e+00
5.042090610267617734e+00
5.040756670968828068e+00
5.039434238987124282e+00
5.038123676677716212e+00
5.036825334191933123e+00
5.035539529608212383e+00
5.034266576893446477e+00
5.033006761457710532e+00
5.031760355552754582e+00
5.030527610140508088e+00
5.029308753539681653e+00
5.028104009373839389e+00
5.026913572656452445e+00
5.025737623615036398e+00
5.024576325194136217e+00
5.023429827180992291e+00
5.022298259760457739e+00
5.021181737652356425e+00
5.020080361331192620e+00
5.018994202820637796e+00
5.017923355565573118e+00
5.016867853876498806e+00
5.015827756906146462e+00
5.014803086143489352e+00
5.013793848321542512e+00
5.012800067365178691e+00
5.011821723518870009e+00
5.010858799712289091e+00
5.009911261054307730e+00
5.008979075408265480e+00
5.008062183392914868e+00
5.007160529415855876e+00
5.006274037919933306e+00
5.005402635086169560e+00
5.004546238782590528e+00
5.003704751956302488e+00
5.002878071348572320e+00
5.002066084559483983e+00
5.001268674322852270e+00
5.000485730508800408e+00
4.999717120925567748e+00
4.998962704355597531e+00
4.998222361375551870e+00
4.997495929462427711e+00
4.996783272015915323e+00
4.996084236904493103e+00
4.995398671999743634e+00
4.994726412349765887e+00
4.994067301947807458e+00
4.993421182136255965e+00
4.992787877371604566e+00
4.992167224136514925e+00
4.991559054409729690e+00
4.990963195406428632e+00
4.990379460875959516e+00
4.989807692975358755e+00
4.989247709916456941e+00
4.988699343994929869e+00
4.988162402859971145e+00
4.987636718400910496e+00
4.987122107694879070e+00
4.986618400026604725e+00
4.986125413299586029e+00
4.985642982764577624e+00
4.985170919848397553e+00
4.984709040282861991e+00
4.984257185274412194e+00
4.983815178821413561e+00
4.983382838416149596e+00
4.982959997203057156e+00
4.982546491697059210e+00
4.982142134437930636e+00
4.981746778380029994e+00
4.981360242944191441e+00
4.980982359595579112e+00
4.980612976041808082e+00
4.980251916515411992e+00
4.979899039017287699e+00
4.979554167966266931e+00
4.979217158731022330e+00
4.978887841978703932e+00
4.978566080393936666e+00
4.978251719359046312e+00
4.977944607140416977e+00
4.977644591519898576e+00
4.977351536741903892e+00
4.977065283250881045e+00
4.976785724381095122e+00
4.976512685592746621e+00
4.976246044104937205e+00
4.975985663336838449e+00
4.975731419814662715e+00
4.975483178070292389e+00
4.975240799346871690e+00
4.975004174425983194e+00
4.974773167374936911e+00
4.974547663474843340e+00
4.974327534415023067e+00
4.974112671503380767e+00
4.973902956772142225e+00
4.973698275300453275e+00
4.973498512845238473e+00
4.973303565092249023e+00
4.973113323105003758e+00
4.972927675870664643e+00
4.972746527652500248e+00
4.972569776806420094e+00
4.972397322334285441e+00
4.972229060135985534e+00
4.972064906103375037e+00
4.971904756697918870e+00
4.971748525183830481e+00
4.971596114032353242e+00
4.971447451238057091e+00
4.971302439233327597e+00
4.971160984621650236e+00
4.971023021358825567e+00
4.970888458074251837e+00
4.970757217532310257e+00
4.970629228223321761e+00
4.970504406600709579e+00
4.970382668411565952e+00
4.970263971562691729e+00
4.970148208355489317e+00
4.970035326784194574e+00
4.969925260546916412e+00
4.969817936369234523e+00
4.969713296548926351e+00
4.969611271002219333e+00
4.969511789045313321e+00
4.969414808019971375e+00
4.969320255680820253e+00
4.969228073255768763e+00
4.969138209244877480e+00
4.969050603901955299e+00
4.968965206099587917e+00
4.968881953701099974e+00
4.968800805038272372e+00
4.968721703232221287e+00
4.968644598760262099e+00
4.968569442020407401e+00
4.968496190991978700e+00
4.968424792151023617e+00
4.968355200136735483e+00
4.968287383535892943e+00
4.968221278560685406e+00
4.968156857838517126e+00
4.968094071483878160e+00
4.968032880895454362e+00
4.967973253440132630e+00
4.967915150398467539e+00
4.967858521146093942e+00
4.967803339876738278e+00
4.967749567220682394e+00
4.967697165355751565e+00
4.967646112006982584e+00
4.967596359481133206e+00
4.967547880512138470e+00
4.967500647726447838e+00
4.967454620097122131e+00
4.967409776669397203e+00
4.967366086490641486e+00
4.967323513940552715e+00
4.967282045174898464e+00
4.967241635363801144e+00
4.967202269856652919e+00
4.967163908018035201e+00
4.967126544991468329e+00
4.967090142343773884e+00
4.967054676062065965e+00
4.967020130683223123e+00
4.966986471249652979e+00
4.966953688614868412e+00
4.966921744389610538e+00
4.966890634867872301e+00
4.966860326785669244e+00
4.966830804754587270e+00
4.966802044336936284e+00
4.966774033187706827e+00
4.966746744241858025e+00
4.966720171910967707e+00
4.966694282283167006e+00
4.966669067635565149e+00
4.966644502972012098e+00
4.966620581001877532e+00
4.966597283303575416e+00
4.966574588106808186e+00
4.966552491095436395e+00
4.966530959529786848e+00
4.966509993246764232e+00
4.966489572786928264e+00
4.966469692670243852e+00
4.966450319346454201e+00
4.966431453953890518e+00
4.966413081982375743e+00
4.966395194882164077e+00
4.966377770553402016e+00
4.966360800950923249e+00
4.966344275382788886e+00
4.966328187946170480e+00
4.966312516608473615e+00
4.966297256125895565e+00
4.966282398047312086e+00
4.966267927960053896e+00
4.966253833457280997e+00
4.966240115179981096e+00
4.966226751512643034e+00
4.966213737050291677e+00
4.966201065886197696e+00
4.966188734301852925e+00
4.966176720464307692e+00
4.966165021897004372e+00
4.966153636619836220e+00
4.966142546025094084e+00
4.966131751709275122e+00
4.966121238451937536e+00
4.966110999465954023e+00
4.966101037459546674e+00
4.966091327970534763e+00
4.966081878994803134e+00
4.966072679055510974e+00
4.966063729239024838e+00
4.966055005001497769e+00
4.966046517270855887e+00
4.966038251770823919e+00
4.966030200742181044e+00
4.966022363414461793e+00
4.966014739612136353e+00
4.966007318399725534e+00
4.966000084489360589e+00
4.965993043561139686e+00
4.965986187790916162e+00
4.965979517619873107e+00
4.965973025486257519e+00
4.965966707086587384e+00
4.965960551657662592e+00
4.965954560145306118e+00
4.965948723351227834e+00
4.965943049500259221e+00
4.965937522567380746e+00
4.965932139170581294e+00
4.965926904254849283e+00
4.965921808293545681e+00
4.965916840418789668e+00
4.965912012596096048e+00
4.965907310966362509e+00
4.965902733617014952e+00
4.965898273176888367e+00
4.965893935091801659e+00
4.965889713102921377e+00
4.965885603683087623e+00
4.965881604888868317e+00
4.965877707848623146e+00
4.965873922365880766e+00
4.965870234321020149e+00
4.965866644095789262e+00
4.965863148820994333e+00
4.965859748678354002e+00
4.965856430555509071e+00
4.965853209007818236e+00
4.965850071573877145e+00
4.965847022682081224e+00
4.965844049659756898e+00
4.965841155323628797e+00
4.965838337601343078e+00
4.965835605031633904e+00
4.965832939089931841e+00
4.965830342954733467e+00
4.965827821712180956e+00
4.965825355348219006e+00
4.965822966190096999e+00
4.965820639066507169e+00
4.965818373454975010e+00
4.965816160899716891e+00
4.965814022012885687e+00
4.965811930379543604e+00
4.965809899031648378e+00
4.965807921818552018e+00
4.965805994854478378e+00
4.965804116443011118e+00
4.965802299508294659e+00
4.965800522268225770e+00
4.965798797311114399e+00
4.965797117825688112e+00
4.965795484510895363e+00
4.965793892110335506e+00
4.965792334717526124e+00
4.965790831668748240e+00
4.965789366301869734e+00
4.965787941676756745e+00
4.965786552312957625e+00
4.965785202337376525e+00
4.965783887517468465e+00
4.965782605509906134e+00
4.965781359893709279e+00
4.965780144335753654e+00
4.965778968024157969e+00
4.965777818472636440e+00
4.965776706525220519e+00
4.965775617227010663e+00
4.965774560821730965e+00
4.965773533175067200e+00
4.965772534187362197e+00
4.965771557831192951e+00
4.965770609450213868e+00
4.965769686599023736e+00
4.965768788233240194e+00
4.965767917465120362e+00
4.965767067184513550e+00
4.965766246134597495e+00
4.965765437326303378e+00
4.965764650736615771e+00
4.965763889741401371e+00
4.965763150861591591e+00
4.965762427709312199e+00
4.965761729198168162e+00
4.965761051521821123e+00
4.965760381932708079e+00
4.965759737063819124e+00
4.965759111702930717e+00
4.965758498573818791e+00
4.965757902006065372e+00
4.965757327906715091e+00
4.965756757869177029e+00
4.965756215163517062e+00
4.965755681362863605e+00
4.965755161126461203e+00
4.965754658722612902e+00
4.965754163229659568e+00
4.965753691587628360e+00
4.965753227403440384e+00
4.965752772143969374e+00
4.965752329372419283e+00
4.965751908628647016e+00
4.965751489676407893e+00
4.965751082576647768e+00
4.965750687567886068e+00
4.965750305582706581e+00
4.965749937924001323e+00
4.965749570204433638e+00
4.965749218695078682e+00
4.965748876596427053e+00
4.965748542710092472e+00
4.965748212342308676e+00
4.965747900005151649e+00
4.965747594698043166e+00
4.965747294792350885e+00
4.965747000839134451e+00
4.965746718965866613e+00
4.965746446427572458e+00
4.965746180023405287e+00
4.965745919087488858e+00
4.965745668101543053e+00
4.965745421727262965e+00
4.965745175798855549e+00
4.965744947051850211e+00
4.965744720922494082e+00
4.965744497831949822e+00
4.965744280556501522e+00
4.965744076711911426e+00
4.965743863521724144e+00
4.965743669180432640e+00
4.965743482214207027e+00
4.965743290474490479e+00
4.965743108981617304e+00
4.965742939807467948e+00
4.965742760676761236e+00
4.965742594163021550e+00
4.965742434123152194e+00
4.965742273677362206e+00
4.965742119029825652e+00
4.965741967581832839e+00
4.965741819533641355e+00
4.965741675883527328e+00
4.965741546106891668e+00
4.965741411008796291e+00
4.965741280205146602e+00
4.965741147514509457e+00
4.965741023165226586e+00
4.965740913119008226e+00
4.965740792429919281e+00
4.965740677332948216e+00
4.965740565175858379e+00
4.965740460385275945e+00
4.965740352803041269e+00
4.965740250487031382e+00
4.965740153545090685e+00
4.965740063695043283e+00
4.965739966811126394e+00
4.965739875537054537e+00
4.965739785913535265e+00
4.965739698434240346e+00
4.965739614485593201e+00
4.965739535191654674e+00
4.965739457739792861e+00
4.965739377327115456e+00
4.965739301175565501e+00
4.965739234903879584e+00
4.965739162867736312e+00
4.965739094990765601e+00
4.965739026054741601e+00
4.965738959596647462e+00
4.965738894900210809e+00
4.965738832373350675e+00
4.965738770351434184e+00
4.965738713156141237e+00
4.965738657840740977e+00
4.965738602489164322e+00
4.965738547530389013e+00
4.965738498087036490e+00
4.965738450025330764e+00
4.965738396320999115e+00
4.965738351458705679e+00
4.965738309031178410e+00
4.965738252936342967e+00
4.965738217305594837e+00
4.965738169754411402e+00
4.965738132624322176e+00
4.965738090929927573e+00
4.965738047373709385e+00
4.965738012504932186e+00
4.965737979572171668e+00
4.965737942010852279e+00
4.965737906527985857e+00
4.965737863030338595e+00
4.965737829678158022e+00
4.965737808038151790e+00
4.965737773878386108e+00
4.965737740064904315e+00
4.965737713530939956e+00
4.965737687086114960e+00
4.965737654804049939e+00
4.965737626919024095e+00
4.965737601551092339e+00
4.965737572436729863e+00
4.965737549134029649e+00
4.965737524010490844e+00
4.965737499983214676e+00
4.965737477357340168e+00
4.965737452410318831e+00
4.965737435216090567e+00
4.965737416485166200e+00
4.965737391296893399e+00
4.965737368423278397e+00
4.965737348191964884e+00
4.965737328610805079e+00
4.965737307858292482e+00
4.965737293536476749e+00
4.965737276053109994e+00
4.965737260974426803e+00
4.965737245288760704e+00
4.965737225401247734e+00
4.965737214092122542e+00
4.965737198564844412e+00
4.965737186494967759e+00
4.965737166766499122e+00
4.965737151530797533e+00
4.965737138836838760e+00
4.965737130626871831e+00
4.965737113907986888e+00
4.965737106192968930e+00
4.965737086675956924e+00
4.965737073286335956e+00
4.965737065241762060e+00
4.965737056475862055e+00
4.965737046246609943e+00
4.965737031038492511e+00
4.965737022768265341e+00
4.965737012339515921e+00
4.965737006510769547e+00
4.965736994124312353e+00
4.965736982237948460e+00
4.965736974378097912e+00
4.965736964383090424e+00
4.965736957122022233e+00
4.965736950146387940e+00
4.965736937202908763e+00
4.965736936970833959e+00
4.965736924395460328e+00
4.965736917947427997e+00
4.965736912775857270e+00
4.965736905745315788e+00
4.965736895130264728e+00
4.965736895596420730e+00
4.965736886150746265e+00
4.965736883195408069e+00
4.965736871977607159e+00
4.965736868246089841e+00
4.965736864029884678e+00
4.965736853423579511e+00
4.965736850020415538e+00
4.965736839524778290e+00
4.965736840083400772e+00
4.965736838497678995e+00
4.965736833231003899e+00
4.965736832090292374e+00
4.965736816001997234e+00
4.965736816831698874e+00
4.965736816882955651e+00
4.965736813103249325e+00
4.965736804893375655e+00
4.965736799553675418e+00
4.965736792191330018e+00
4.965736792029042945e+00
4.965736793824986783e+00
4.965736785231148254e+00
4.965736777566028159e+00
4.965736774419741373e+00
4.965736770915047060e+00
4.965736767859034728e+00
4.965736770951102663e+00
4.965736766570585381e+00
4.965736760258741889e+00
4.965736762473285104e+00
4.965736757847590610e+00
4.965736753432043571e+00
4.965736755903488842e+00
4.965736750463466187e+00
4.965736747212504021e+00
4.965736745862994184e+00
4.965736743970412981e+00
4.965736741767393880e+00
4.965736741826109579e+00
4.965736733688977722e+00
4.965736732282922894e+00
4.965736735529921120e+00
4.965736731874993204e+00
4.965736733436396655e+00
4.965736726948612123e+00
4.965736722578784956e+00
4.965736725188303780e+00
4.965736724625549492e+00
4.965736718104822423e+00
4.965736718945476191e+00
4.965736720616534150e+00
4.965736715503788368e+00
4.965736717678989720e+00
4.965736709813374006e+00
4.965736708745592587e+00
4.965736707486576584e+00
4.965736713003697567e+00
4.965736708256035747e+00
4.965736702109425416e+00
4.965736705008290564e+00
4.965736704902028897e+00
4.965736700256266900e+00
4.965736700807027226e+00
4.965736702641556199e+00
4.965736694140874263e+00
4.965736694533831042e+00
4.965736693903902932e+00
4.965736693911107835e+00
4.965736696259001270e+00
4.965736694760718883e+00
4.965736691855645368e+00
4.965736690159189948e+00
4.965736691203275655e+00
4.965736690664515507e+00
4.965736688382460073e+00
4.965736687029078666e+00
4.965736687419934903e+00
4.965736687158149643e+00
4.965736688017756251e+00
4.965736691315610685e+00
4.965736682350346598e+00
4.965736685569360098e+00
4.965736683911360139e+00
4.965736687379086689e+00
4.965736685930338901e+00
4.965736680028281391e+00
4.965736684526198097e+00
4.965736686657433729e+00
4.965736686881864870e+00
4.965736680018803639e+00
4.965736682655172984e+00
4.965736682784706701e+00
4.965736679676782117e+00
4.965736676639991742e+00
4.965736681652444418e+00
4.965736681129667929e+00
4.965736675320812310e+00
4.965736679740476056e+00
4.965736677284332323e+00
4.965736681446093925e+00
4.965736675665348265e+00
4.965736676095820812e+00
4.965736675677510092e+00
4.965736674205563084e+00
4.965736672615202352e+00
4.965736671844302563e+00
4.965736675448484405e+00
4.965736675695198166e+00
4.965736674237631654e+00
4.965736677196791682e+00
4.965736672711942745e+00
4.965736675143293866e+00
4.965736670195304292e+00
4.965736674280456064e+00
4.965736670705321210e+00
4.965736670918646567e+00
4.965736665929932236e+00
4.965736676649497916e+00
4.965736675212748530e+00
4.965736668970357925e+00
4.965736671135188907e+00
4.965736672958555253e+00
4.965736672052187828e+00
4.965736672039299471e+00
4.965736667442306462e+00
4.965736673791504963e+00
4.965736665469281164e+00
4.965736670401654784e+00
4.965736670507144623e+00
4.965736671385173828e+00
4.965736670737098457e+00
4.965736667949122385e+00
4.965736670776365713e+00
4.965736665500461555e+00
4.965736671539873193e+00
4.965736667612752342e+00
4.965736670292888455e+00
4.965736669080176746e+00
4.965736668191420122e+00
4.965736664496318120e+00
4.965736669830036476e+00
4.965736673115658917e+00
4.965736663192240385e+00
4.965736665584424614e+00
4.965736665927809490e+00
4.965736661303306043e+00
4.965736667755245470e+00
4.965736665748630152e+00
4.965736667770745960e+00
4.965736669249018576e+00
4.965736665106501135e+00
4.965736669865425057e+00
4.965736664897892005e+00
4.965736670363519956e+00
4.965736661171093580e+00
4.965736666112879227e+00
4.965736668792321673e+00
4.965736663449686006e+00
4.965736667909476765e+00
4.965736669358026489e+00
4.965736665938587535e+00
4.965736668485484451e+00
4.965736665562332952e+00
4.965736667541100324e+00
4.965736666968950885e+00
4.965736668313480706e+00
4.965736671218698106e+00
4.965736668152737288e+00
4.965736665446524256e+00
4.965736667033829654e+00
4.965736661499366988e+00
4.965736666438036018e+00
4.965736667766101675e+00
4.965736664656952293e+00
4.965736661457738066e+00
4.965736661248935313e+00
4.965736665761457225e+00
4.965736665951053119e+00
4.965736666887571538e+00
4.965736667132254034e+00
4.965736661640130833e+00
4.965736666283284251e+00
4.965736668345277494e+00
4.965736666499020124e+00
4.965736662512870936e+00
4.965736665100761726e+00
4.965736663034834741e+00
4.965736665449138165e+00
4.965736667397242066e+00
4.965736664327138783e+00
4.965736663968539411e+00
4.965736662015391545e+00
4.965736664991061033e+00
4.965736661753174630e+00
4.965736663960257147e+00
4.965736664191648053e+00
4.965736662904191689e+00
4.965736660631796084e+00
