1
0.976984655920459
0.910763722685037
0.809465720633367
0.685524827748325
0.554154602938042
0.431480544473533
0.332560709235834
0.269537358794477
0.250146514991878
0.276768374852621
0.346135144964801
0.449732158225388
0.574843036470087
0.70611060684079
0.827421971745142
0.923886342894968
0.983662863258645
0.99941405452125
0.969206481554404
0.896748078681517
0.790933006294982
0.664749905993612
0.533687564286523
0.413833687255096
0.319900158734771
0.263417178616219
0.251317948083792
0.285087629557767
0.360581045232382
0.468531491441019
0.595688212647508
0.726442911835352
0.844745645581484
0.936074930564743
0.989220233886847
0.997658049189557
0.960352647286358
0.881883210368331
0.771881744250923
0.643850764091179
0.513505880882257
0.396846733749816
0.308193058220676
0.258426960141338
0.253657153489361
0.294469124884948
0.375853265985518
0.487819795404153
0.616624989407721
0.746458203413695
0.861382604924474
0.947291395839229
0.993639400785368
0.994737471596304
0.95045082172517
0.866215571091508
0.752371470505773
0.622892712748798
0.493672621344681
0.38057276891025
0.297475992880832
0.254582298014921
0.257156821092151
0.304883543262054
0.391904080884474
0.507536793344123
0.637587938432419
0.766093932937919
0.877280858568209
0.957500686787144
0.996906553869601
0.990661448670753
0.939531948497074
0.849794122890498
0.732463155495211
0.601941246768749
0.474249765453819
0.365062649569032
0.287782454000474
0.251895206969713
0.261806014281981
0.316298339188487
0.408683330449673
0.527620868803344
0.658511549613857
0.785288737917695
0.892390723793527
0.966670898939838
0.999011483147129
0.985442718157992
0.927630149545543
0.832670183489716
0.712219013550812
0.581061840373774
0.455298010460839
0.350364845509112
0.279142734301093
0.250374084279577
0.267590204132293
0.32867784094124
0.426138578812212
0.548009258191361
0.679330435776723
0.803982633770658
0.906664981628624
0.97477337499411
0.999947610624388
0.979097588812949
0.914782618498762
0.814897265928472
0.691702308477607
0.560319742597347
0.436876581406554
0.336525287993615
0.2715838332744
0.250023683517648
0.274491314803669
0.341983362050547
0.444215277578178
0.568638246923743
0.699979537015847
0.822117201276781
0.920059024410349
0.981782794367503
0.999712010863175
0.971645889434834
0.901029504437955
0.796530911330439
0.670977155852004
0.539779773377663
0.419043046040652
0.323587226228699
0.26512937280776
0.250845099701218
0.282487780031595
0.356173322196746
0.462856936294705
0.589443368532868
0.720394324011166
0.83963576914092
0.932530995185047
0.987677252326201
0.998305420122771
0.963110906901298
0.886413786429806
0.777628515335287
0.650108322657883
0.519506120992578
0.401853134920027
0.311591092207936
0.25979952336479
0.252835765869758
0.291554610521959
0.371203377150551
0.482005298985039
0.610359606128381
0.740510999684605
0.856483591093027
0.944041918513323
0.992438328438255
0.995732234059094
0.95351931339595
0.870981139215036
0.75824914873486
0.629161024887013
0.499562141468508
0.385360567248419
0.300574374360615
0.255610940951801
0.255989461106784
0.301663472043654
0.387026557350653
0.501600526200944
0.63132159557774
0.760266698568651
0.87260801697257
0.954555822269949
0.996051144138215
0.992000493988091
0.942901083056649
0.854779790472902
0.738453372874442
0.608200723736305
0.480010160590147
0.369616883001616
0.290571500398809
0.252576715067073
0.260296329980478
0.312782773974258
0.403593414685596
0.521581382023531
0.652263829771914
0.779599683263622
0.887958657262529
0.964039850058284
0.99850440922328
0.987121861756282
0.931289398305046
0.837860370107644
0.718303050395973
0.587292921038786
0.460911279129743
0.354671281862835
0.281613729729303
0.250706327795612
0.265742913342339
0.324877768022076
0.420852177021234
0.541885425428101
0.673120863337884
0.798449537369662
0.902487540558775
0.972464363887911
0.999790457135666
0.981111583296993
0.918720546150105
0.820275752027883
0.69786115191466
0.566502954567584
0.442325181904579
0.340570469471621
0.273729055766623
0.250005624177231
0.272312190387591
0.337910656816026
0.438748909990851
0.56244920541501
0.69382751715822
0.816757354290567
0.916149263482756
0.979803036794622
0.999905268920921
0.973988440986166
0.905233804789657
0.802080888913401
0.677191559233129
0.545895793852601
0.424309951259386
0.327358511466731
0.266942118452421
0.250476793940557
0.279983631845923
0.351840712024033
0.457227685542351
0.583208459296742
0.714319082058597
0.8344659213194
0.928901132568982
0.9860329351133
0.99884848578733
0.965774694946638
0.89087132086436
0.783332640485682
0.656358865708071
0.525535837147977
0.406921885556538
0.315076695779145
0.26127412725461
0.252118364660029
0.288733264136333
0.366624401630803
0.476230756715802
0.60409831352154
0.734531521026716
0.851519898430636
0.940703297683924
0.991134590146594
0.996623410227155
0.956496013484302
0.875677977747652
0.764089595818865
0.63542817439325
0.505486710184797
0.390215323241275
0.303763403605517
0.256742794886876
0.254925206357293
0.298533744285586
0.382215525977219
0.495698738105143
0.625053486406021
0.754401669330695
0.867865991220101
0.951518876559378
0.995092059005433
0.993236995696206
0.946181392873569
0.859701255283299
0.744411890246388
0.614464894589697
0.485811067337978
0.374242473031754
0.29345398946531
0.253362281955692
0.258888547532606
0.309354445376173
0.398565362136244
0.515570791440105
0.646008492143206
0.773867431911544
0.883453117452246
0.961314070051118
0.997892974431231
0.988699824883996
0.934863066742768
0.842991081408865
0.724361017435518
0.593534537438854
0.46657039582868
0.359053250764576
0.284180670716411
0.251143152707819
0.263996002576142
0.321161552256729
0.415622816174142
0.535784815708393
0.666897845448463
0.792867977432864
0.898232566694312
0.970058267762663
0.999528583444093
0.983026076642384
0.922576405342689
0.825599676128783
0.703999637217019
0.572702511197476
0.447824823574125
0.344695123405679
0.275972426874521
0.250092342016588
0.270231610473549
0.333918167215821
0.433334582821192
0.556277641223996
0.6876562662038
0.811343928381365
0.912158152538502
0.977724143704072
0.999993774696254
0.976233481676063
0.909359805013048
0.807581388324613
0.683391379770519
0.552033916834038
0.429632931285295
0.331212960714046
0.268854909050934
0.250213133710125
0.277575884684804
0.347584425288865
0.451645312052927
0.57698522703514
0.708218883461017
0.829237546624119
0.925186356936473
0.984287741686819
0.999287094445254
0.968343267133349
0.895254568192284
0.788992525912483
0.662600646777489
0.531593344585443
0.412051569399718
0.318648895021798
0.262850359791722
0.251505150309247
0.286005874040472
0.362117618837839
0.470497782061317
0.597842861054987
0.728521438166179
0.846492913842685
0.937276466195089
0.989728550187904
0.997410751096951
0.959380090270444
0.880304774345687
0.769891179878448
0.641692410163246
0.511444672109783
0.395135680421431
0.307042189568867
0.257977543568835
0.253964354207103
0.295495234465093
0.377472331014465
0.489833078075349
0.618785362289664
0.748500483971889
0.863056106280232
0.948390698208441
0.994029566449237
0.994370608304151
0.949371961396457
0.864557142215191
0.75033704274169
0.620732009056925
0.491650864865938
0.378938127223321
0.296429115803697
0.254251688140323
0.257583060286864
0.306014311303535
0.393600577689797
0.509590776472199
0.63974728453164
0.768093585509829
0.878875363255572
0.95849432052854
0.997177349611978
0.990176166642452
0.938350156339999
0.848060883821318
0.730391222012856
0.599784945603919
0.472273779343836
0.36350952784839
0.286842840033427
0.251684436962949
0.262349959938044
0.317530231993058
0.410451957406666
0.529709133603619
0.660663120881908
0.787239513503943
0.893901248917496
0.967555758905694
0.999162062719797
0.984840533920532
0.926349118710885
0.83086755067352
0.710116049230485
0.578916680268885
0.453373969760294
0.348898097326223
0.278313319777765
0.250283812805885
0.268250156396384
0.330007008791465
0.427973808886372
0.550125278747473
0.681467508461835
0.805878436114525
0.90808680673391
0.975546695959378
0.999977503459774
0.978380384217697
0.913406352262391
0.813030872669517
0.689574885172296
0.55819242726901
0.435010498824511
0.335149496998967
0.270867210150471
0.250054192679226
0.27526521129688
0.343405651240334
0.446111375597429
0.570775410581409
0.702095432674939
0.82395210591527
0.921387706232993
0.98244215967126
0.999621123544897
0.97081590577667
0.899562303690426
0.794606590187083
0.668831921850068
0.537676950776804
0.417240753164587
0.322306691827694
0.264527780560987
0.250996294155637
0.283373202294453
0.357684288011853
0.464807976872051
0.591594996564715
0.722482430380266
0.841404041918954
0.933762381537814
0.988220601423814
0.998094036677566
0.962170737914471
0.884860236235888
0.775652279892988
0.647951981906864
0.517434362529306
0.400120263991872
0.310409816125068
0.259314841996543
0.253107173127915
0.292548791572214
0.37279829775851
0.484005185035652
0.61251897460525
0.742564791342452
0.858179706082929
0.945172161261461
0.992863963340673
0.995401015069224
0.952471897148553
0.869346094485195
0.756227174813471
0.627000316043518
0.497527921476181
0.383702533563564
0.299496048133911
0.255244685111982
0.256380233009447
0.302763305023218
0.388700448556694
0.503643007995816
0.633481956381254
0.76227975732892
0.874226673742822
0.955581389356775
0.996357734718256
0.991550474526993
0.941749692769024
0.853068360791494
0.736391979228509
0.606042399107415
0.478019836092805
0.368038867985881
0.289599493843613
0.252330029320766
0.260805245348823
0.31398482185827
0.405341045508471
0.523660076720137
0.65441843168263
0.781565718232024
0.889494797441843
0.964957536543009
0.998690997372334
0.986554448153922
0.930037632120838
0.836077903765252
0.716208678968357
0.585143725480811
0.458971069976133
0.353178216880294
0.280751080407463
0.250579983046271
0.266368381794184
0.326178274359746
0.422668086040255
0.543993837017059
0.675262973133146
0.80036240460326
0.903936363643724
0.973271301961221
0.999856459757828
0.980428548745023
0.917372315891907
0.818427819307675
0.695740347705197
0.564369604408097
0.440441151330871
0.339167020413878
0.272978459493978
0.250000015257575
0.273052257307409
0.339305557469708
0.440627422413059
0.564580745020384
0.695950440653764
0.818611075997857
0.917506241839546
0.9804967047407
0.999850479755188
0.973191919996628
0.903793323734398
0.800173264683764
0.67505094984522
0.543784955901633
0.422487986941293
0.326049064171815
0.266305920874263
0.250591938378698
0.280835984493096
0.353325647869828
0.45916293093649
0.585356465766562
0.716416185028162
0.836254704541164
0.930162025582505
0.986611165190295
0.998673076052176
0.964867176681517
0.889343090576635
0.781371286153511
0.654205140637142
0.523454107863946
0.405167681210085
0.313865342325572
0.260754316515443
0.252353902624698
0.289695238872568
0.368194732181002
