Step Time(ns) rpsystem.zeeman1.field.x rpsystem.zeeman1.field.y rpsystem.zeeman1.field.z rpsystem.singlet rpsystem.t0 rpsystem.tp rpsystem.tm rpsystem.identity 
1 0 0 0 0 1 0 0 0 1 
1 5 0 0 0 0.976986 0.00767146 0.00767146 0.00767146 1 
1 10 0 0 0 0.910767 0.0297442 0.0297442 0.0297442 1 
1 15 0 0 0 0.809473 0.063509 0.063509 0.063509 1 
1 20 0 0 0 0.685536 0.104821 0.104821 0.104821 1 
1 25 0 0 0 0.554168 0.148611 0.148611 0.148611 1 
1 30 0 0 0 0.431495 0.189502 0.189502 0.189502 1 
1 35 0 0 0 0.332573 0.222476 0.222476 0.222476 1 
1 40 0 0 0 0.269544 0.243485 0.243485 0.243485 1 
1 45 0 0 0 0.250146 0.249951 0.249951 0.249951 1 
1 50 0 0 0 0.276758 0.241081 0.241081 0.241081 1 
1 55 0 0 0 0.346115 0.217962 0.217962 0.217962 1 
1 60 0 0 0 0.449703 0.183432 0.183432 0.183432 1 
1 65 0 0 0 0.574807 0.141731 0.141731 0.141731 1 
1 70 0 0 0 0.706073 0.0979758 0.0979758 0.0979758 1 
1 75 0 0 0 0.827387 0.0575377 0.0575377 0.0575377 1 
1 80 0 0 0 0.92386 0.0253802 0.0253802 0.0253802 1 
1 85 0 0 0 0.983649 0.00545031 0.00545031 0.00545031 1 
1 90 0 0 0 0.999417 0.000194386 0.000194386 0.000194386 1 
1 95 0 0 0 0.969227 0.0102575 0.0102575 0.0102575 1 
1 100 0 0 0 0.896786 0.0344046 0.0344046 0.0344046 1 
1 105 0 0 0 0.790985 0.0696716 0.0696716 0.0696716 1 
1 110 0 0 0 0.664811 0.11173 0.11173 0.11173 1 
1 115 0 0 0 0.533749 0.155417 0.155417 0.155417 1 
1 120 0 0 0 0.413889 0.19537 0.19537 0.19537 1 
1 125 0 0 0 0.319941 0.226686 0.226686 0.226686 1 
1 130 0 0 0 0.263436 0.245521 0.245521 0.245521 1 
1 135 0 0 0 0.251312 0.249563 0.249563 0.249563 1 
1 140 0 0 0 0.285055 0.238315 0.238315 0.238315 1 
1 145 0 0 0 0.360524 0.213159 0.213159 0.213159 1 
1 150 0 0 0 0.468456 0.177181 0.177181 0.177181 1 
1 155 0 0 0 0.595602 0.134799 0.134799 0.134799 1 
1 160 0 0 0 0.726357 0.0912142 0.0912142 0.0912142 1 
1 165 0 0 0 0.844671 0.0517762 0.0517762 0.0517762 1 
1 170 0 0 0 0.936022 0.0213259 0.0213259 0.0213259 1 
1 175 0 0 0 0.989197 0.00360097 0.00360097 0.00360097 1 
1 180 0 0 0 0.997669 0.000776938 0.000776938 0.000776938 1 
1 185 0 0 0 0.960399 0.0132005 0.0132005 0.0132005 1 
1 190 0 0 0 0.88196 0.0393467 0.0393467 0.0393467 1 
1 195 0 0 0 0.771981 0.0760062 0.0760062 0.0760062 1 
1 200 0 0 0 0.643962 0.118679 0.118679 0.118679 1 
1 205 0 0 0 0.513615 0.162128 0.162128 0.162128 1 
1 210 0 0 0 0.396939 0.20102 0.20102 0.20102 1 
1 215 0 0 0 0.308257 0.230581 0.230581 0.230581 1 
1 220 0 0 0 0.258453 0.247182 0.247182 0.247182 1 
1 225 0 0 0 0.25364 0.248787 0.248787 0.248787 1 
1 230 0 0 0 0.294409 0.235197 0.235197 0.235197 1 
1 235 0 0 0 0.375756 0.208081 0.208081 0.208081 1 
1 240 0 0 0 0.487696 0.170768 0.170768 0.170768 1 
1 245 0 0 0 0.616489 0.127837 0.127837 0.127837 1 
1 250 0 0 0 0.746327 0.0845577 0.0845577 0.0845577 1 
1 255 0 0 0 0.861273 0.0462424 0.0462424 0.0462424 1 
1 260 0 0 0 0.947218 0.0175941 0.0175941 0.0175941 1 
1 265 0 0 0 0.993612 0.0021292 0.0021292 0.0021292 1 
1 270 0 0 0 0.994762 0.00174584 0.00174584 0.00174584 1 
1 275 0 0 0 0.950527 0.0164911 0.0164911 0.0164911 1 
1 280 0 0 0 0.866335 0.0445551 0.0445551 0.0445551 1 
1 285 0 0 0 0.75252 0.0824932 0.0824932 0.0824932 1 
1 290 0 0 0 0.623054 0.125649 0.125649 0.125649 1 
1 295 0 0 0 0.493826 0.168725 0.168725 0.168725 1 
1 300 0 0 0 0.380699 0.206434 0.206434 0.206434 1 
1 305 0 0 0 0.297558 0.234147 0.234147 0.234147 1 
1 310 0 0 0 0.254609 0.248464 0.248464 0.248464 1 
1 315 0 0 0 0.257123 0.247626 0.247626 0.247626 1 
1 320 0 0 0 0.304791 0.231736 0.231736 0.231736 1 
1 325 0 0 0 0.391763 0.202746 0.202746 0.202746 1 
1 330 0 0 0 0.507363 0.164212 0.164212 0.164212 1 
1 335 0 0 0 0.637402 0.120866 0.120866 0.120866 1 
1 340 0 0 0 0.765919 0.078027 0.078027 0.078027 1 
1 345 0 0 0 0.877139 0.0409536 0.0409536 0.0409536 1 
1 350 0 0 0 0.957411 0.0141964 0.0141964 0.0141964 1 
1 355 0 0 0 0.996881 0.00103959 0.00103959 0.00103959 1 
1 360 0 0 0 0.990706 0.00309809 0.00309809 0.00309809 1 
1 365 0 0 0 0.939642 0.0201193 0.0201193 0.0201193 1 
1 370 0 0 0 0.849958 0.0500138 0.0500138 0.0500138 1 
1 375 0 0 0 0.732663 0.0891125 0.0891125 0.0891125 1 
1 380 0 0 0 0.602152 0.132616 0.132616 0.132616 1 
1 385 0 0 0 0.474445 0.175185 0.175185 0.175185 1 
1 390 0 0 0 0.365219 0.211594 0.211594 0.211594 1 
1 395 0 0 0 0.287878 0.237374 0.237374 0.237374 1 
1 400 0 0 0 0.251918 0.249361 0.249361 0.249361 1 
1 405 0 0 0 0.26175 0.246083 0.246083 0.246083 1 
1 410 0 0 0 0.316169 0.227944 0.227944 0.227944 1 
1 415 0 0 0 0.408495 0.197168 0.197168 0.197168 1 
1 420 0 0 0 0.527396 0.157535 0.157535 0.157535 1 
1 425 0 0 0 0.658277 0.113908 0.113908 0.113908 1 
1 430 0 0 0 0.785073 0.0716424 0.0716424 0.0716424 1 
1 435 0 0 0 0.892221 0.0359262 0.0359262 0.0359262 1 
1 440 0 0 0 0.96657 0.0111433 0.0111433 0.0111433 1 
1 445 0 0 0 0.998993 0.000335508 0.000335508 0.000335508 1 
1 450 0 0 0 0.985512 0.00482948 0.00482948 0.00482948 1 
1 455 0 0 0 0.927779 0.0240736 0.0240736 0.0240736 1 
1 460 0 0 0 0.832883 0.0557057 0.0557057 0.0557057 1 
1 465 0 0 0 0.71247 0.0958433 0.0958433 0.0958433 1 
1 470 0 0 0 0.581321 0.13956 0.13956 0.13956 1 
1 475 0 0 0 0.455533 0.181489 0.181489 0.181489 1 
1 480 0 0 0 0.350546 0.216485 0.216485 0.216485 1 
1 485 0 0 0 0.279247 0.240251 0.240251 0.240251 1 
1 490 0 0 0 0.250386 0.249871 0.249871 0.249871 1 
1 495 0 0 0 0.267507 0.244164 0.244164 0.244164 1 
1 500 0 0 0 0.328508 0.223831 0.223831 0.223831 1 
1 505 0 0 0 0.425901 0.191366 0.191366 0.191366 1 
1 510 0 0 0 0.547732 0.150756 0.150756 0.150756 1 
1 515 0 0 0 0.679048 0.106984 0.106984 0.106984 1 
1 520 0 0 0 0.803729 0.0654237 0.0654237 0.0654237 1 
1 525 0 0 0 0.906472 0.0311758 0.0311758 0.0311758 1 
1 530 0 0 0 0.974667 0.00844428 0.00844428 0.00844428 1 
1 535 0 0 0 0.999943 1.91571e-05 1.91571e-05 1.91571e-05 1 
1 540 0 0 0 0.979196 0.00693461 0.00693461 0.00693461 1 
1 545 0 0 0 0.914975 0.0283418 0.0283418 0.0283418 1 
1 550 0 0 0 0.81516 0.0616132 0.0616132 0.0616132 1 
1 555 0 0 0 0.692005 0.102665 0.102665 0.102665 1 
1 560 0 0 0 0.560626 0.146458 0.146458 0.146458 1 
1 565 0 0 0 0.437148 0.187617 0.187617 0.187617 1 
1 570 0 0 0 0.336728 0.221091 0.221091 0.221091 1 
1 575 0 0 0 0.271691 0.24277 0.24277 0.24277 1 
1 580 0 0 0 0.25002 0.249993 0.249993 0.249993 1 
1 585 0 0 0 0.274376 0.241875 0.241875 0.241875 1 
1 590 0 0 0 0.341769 0.21941 0.21941 0.21941 1 
1 595 0 0 0 0.443926 0.185358 0.185358 0.185358 1 
1 600 0 0 0 0.568309 0.143897 0.143897 0.143897 1 
1 605 0 0 0 0.69965 0.100117 0.100117 0.100117 1 
1 610 0 0 0 0.821829 0.0593903 0.0593903 0.0593903 1 
1 615 0 0 0 0.919848 0.0267173 0.0267173 0.0267173 1 
1 620 0 0 0 0.981677 0.00610778 0.00610778 0.00610778 1 
1 625 0 0 0 0.999725 9.1518e-05 9.1518e-05 9.1518e-05 1 
1 630 0 0 0 0.971779 0.00940695 0.00940695 0.00940695 1 
1 635 0 0 0 0.901268 0.0329107 0.0329107 0.0329107 1 
1 640 0 0 0 0.796847 0.0677177 0.0677177 0.0677177 1 
1 645 0 0 0 0.671333 0.109556 0.109556 0.109556 1 
1 650 0 0 0 0.540131 0.15329 0.15329 0.15329 1 
1 655 0 0 0 0.419347 0.193551 0.193551 0.193551 1 
1 660 0 0 0 0.323805 0.225398 0.225398 0.225398 1 
1 665 0 0 0 0.265233 0.244922 0.244922 0.244922 1 
1 670 0 0 0 0.25082 0.249727 0.249727 0.249727 1 
1 675 0 0 0 0.282335 0.239222 0.239222 0.239222 1 
1 680 0 0 0 0.35591 0.214697 0.214697 0.214697 1 
1 685 0 0 0 0.462514 0.179162 0.179162 0.179162 1 
1 690 0 0 0 0.589062 0.136979 0.136979 0.136979 1 
1 695 0 0 0 0.720021 0.0933263 0.0933263 0.0933263 1 
1 700 0 0 0 0.839317 0.053561 0.053561 0.053561 1 
1 705 0 0 0 0.932307 0.0225644 0.0225644 0.0225644 1 
1 710 0 0 0 0.987577 0.00414105 0.00414105 0.00414105 1 
1 715 0 0 0 0.998343 0.000552365 0.000552365 0.000552365 1 
1 720 0 0 0 0.963284 0.0122388 0.0122388 0.0122388 1 
1 725 0 0 0 0.886702 0.0377659 0.0377659 0.0377659 1 
1 730 0 0 0 0.777999 0.0740005 0.0740005 0.0740005 1 
1 735 0 0 0 0.650515 0.116495 0.116495 0.116495 1 
1 740 0 0 0 0.5199 0.160033 0.160033 0.160033 1 
1 745 0 0 0 0.402186 0.199271 0.199271 0.199271 1 
1 750 0 0 0 0.31182 0.229393 0.229393 0.229393 1 
1 755 0 0 0 0.259895 0.246702 0.246702 0.246702 1 
1 760 0 0 0 0.252784 0.249072 0.249072 0.249072 1 
1 765 0 0 0 0.291361 0.236213 0.236213 0.236213 1 
1 770 0 0 0 0.370889 0.209704 0.209704 0.209704 1 
1 775 0 0 0 0.481608 0.172797 0.172797 0.172797 1 
1 780 0 0 0 0.609927 0.130024 0.130024 0.130024 1 
1 785 0 0 0 0.740096 0.0866346 0.0866346 0.0866346 1 
1 790 0 0 0 0.856138 0.0479539 0.0479539 0.0479539 1 
1 795 0 0 0 0.94381 0.0187301 0.0187301 0.0187301 1 
1 800 0 0 0 0.992349 0.00255022 0.00255022 0.00255022 1 
1 805 0 0 0 0.995799 0.00140027 0.00140027 0.00140027 1 
1 810 0 0 0 0.953736 0.0154214 0.0154214 0.0154214 1 
1 815 0 0 0 0.871322 0.0428925 0.0428925 0.0428925 1 
1 820 0 0 0 0.758675 0.0804418 0.0804418 0.0804418 1 
1 825 0 0 0 0.629619 0.12346 0.12346 0.12346 1 
1 830 0 0 0 0.499996 0.166668 0.166668 0.166668 1 
1 835 0 0 0 0.385717 0.204761 0.204761 0.204761 1 
1 840 0 0 0 0.300809 0.233064 0.233064 0.233064 1 
1 845 0 0 0 0.255692 0.248103 0.248103 0.248103 1 
1 850 0 0 0 0.255906 0.248031 0.248031 0.248031 1 
1 855 0 0 0 0.301423 0.232859 0.232859 0.232859 1 
1 860 0 0 0 0.386658 0.204447 0.204447 0.204447 1 
1 865 0 0 0 0.501147 0.166284 0.166284 0.166284 1 
1 870 0 0 0 0.630839 0.123054 0.123054 0.123054 1 
1 875 0 0 0 0.759814 0.0800622 0.0800622 0.0800622 1 
1 880 0 0 0 0.872241 0.0425864 0.0425864 0.0425864 1 
1 885 0 0 0 0.954321 0.0152263 0.0152263 0.0152263 1 
1 890 0 0 0 0.995979 0.00134023 0.00134023 0.00134023 1 
1 895 0 0 0 0.992102 0.00263258 0.00263258 0.00263258 1 
1 900 0 0 0 0.943166 0.0189447 0.0189447 0.0189447 1 
1 905 0 0 0 0.855177 0.0482745 0.0482745 0.0482745 1 
1 910 0 0 0 0.738935 0.0870217 0.0870217 0.0870217 1 
1 915 0 0 0 0.608708 0.130431 0.130431 0.130431 1 
1 920 0 0 0 0.480481 0.173173 0.173173 0.173173 1 
1 925 0 0 0 0.369993 0.210002 0.210002 0.210002 1 
1 930 0 0 0 0.290805 0.236398 0.236398 0.236398 1 
1 935 0 0 0 0.252638 0.249121 0.249121 0.249121 1 
1 940 0 0 0 0.260175 0.246608 0.246608 0.246608 1 
1 945 0 0 0 0.312492 0.229169 0.229169 0.229169 1 
1 950 0 0 0 0.403168 0.198944 0.198944 0.198944 1 
1 955 0 0 0 0.521072 0.159643 0.159643 0.159643 1 
1 960 0 0 0 0.651732 0.116089 0.116089 0.116089 1 
1 965 0 0 0 0.779111 0.0736295 0.0736295 0.0736295 1 
1 970 0 0 0 0.887574 0.0374752 0.0374752 0.0374752 1 
1 975 0 0 0 0.963808 0.0120639 0.0120639 0.0120639 1 
1 980 0 0 0 0.998455 0.000514842 0.000514842 0.000514842 1 
1 985 0 0 0 0.987264 0.00424548 0.00424548 0.00424548 1 
1 990 0 0 0 0.931606 0.0227979 0.0227979 0.0227979 1 
1 995 0 0 0 0.838315 0.053895 0.053895 0.053895 1 
1 1000 0 0 0 0.718841 0.0937198 0.0937198 0.0937198 1 
1 1005 0 0 0 0.587848 0.137384 0.137384 0.137384 1 
1 1010 0 0 0 0.461416 0.179528 0.179528 0.179528 1 
1 1015 0 0 0 0.355062 0.214979 0.214979 0.214979 1 
1 1020 0 0 0 0.281842 0.239386 0.239386 0.239386 1 
1 1025 0 0 0 0.250742 0.249753 0.249753 0.249753 1 
1 1030 0 0 0 0.265579 0.244807 0.244807 0.244807 1 
1 1035 0 0 0 0.324534 0.225155 0.225155 0.225155 1 
1 1040 0 0 0 0.420368 0.193211 0.193211 0.193211 1 
1 1045 0 0 0 0.54132 0.152893 0.152893 0.152893 1 
1 1050 0 0 0 0.672543 0.109152 0.109152 0.109152 1 
1 1055 0 0 0 0.79793 0.0673566 0.0673566 0.0673566 1 
1 1060 0 0 0 0.902091 0.0326362 0.0326362 0.0326362 1 
1 1065 0 0 0 0.972242 0.00925281 0.00925281 0.00925281 1 
1 1070 0 0 0 0.99977 7.66227e-05 7.66227e-05 7.66227e-05 1 
1 1075 0 0 0 0.981298 0.00623395 0.00623395 0.00623395 1 
1 1080 0 0 0 0.919093 0.026969 0.026969 0.026969 1 
1 1085 0 0 0 0.82079 0.0597368 0.0597368 0.0597368 1 
1 1090 0 0 0 0.698455 0.100515 0.100515 0.100515 1 
1 1095 0 0 0 0.567103 0.144299 0.144299 0.144299 1 
1 1100 0 0 0 0.442859 0.185714 0.185714 0.185714 1 
1 1105 0 0 0 0.340971 0.219676 0.219676 0.219676 1 
1 1110 0 0 0 0.273945 0.242018 0.242018 0.242018 1 
1 1115 0 0 0 0.25001 0.249997 0.249997 0.249997 1 
1 1120 0 0 0 0.272101 0.242633 0.242633 0.242633 1 
1 1125 0 0 0 0.337509 0.22083 0.22083 0.22083 1 
1 1130 0 0 0 0.438205 0.187265 0.187265 0.187265 1 
1 1135 0 0 0 0.561828 0.146057 0.146057 0.146057 1 
1 1140 0 0 0 0.693205 0.102265 0.102265 0.102265 1 
1 1145 0 0 0 0.816211 0.0612631 0.0612631 0.0612631 1 
1 1150 0 0 0 0.915746 0.0280845 0.0280845 0.0280845 1 
1 1155 0 0 0 0.979595 0.00680169 0.00680169 0.00680169 1 
1 1160 0 0 0 0.999919 2.69366e-05 2.69366e-05 2.69366e-05 1 
1 1165 0 0 0 0.974225 0.0085918 0.0085918 0.0085918 1 
1 1170 0 0 0 0.905665 0.031445 0.031445 0.031445 1 
1 1175 0 0 0 0.802656 0.0657815 0.0657815 0.0657815 1 
1 1180 0 0 0 0.67784 0.107387 0.107387 0.107387 1 
1 1185 0 0 0 0.546539 0.151154 0.151154 0.151154 1 
1 1190 0 0 0 0.424868 0.191711 0.191711 0.191711 1 
1 1195 0 0 0 0.327763 0.224079 0.224079 0.224079 1 
1 1200 0 0 0 0.267141 0.244286 0.244286 0.244286 1 
1 1205 0 0 0 0.250444 0.249852 0.249852 0.249852 1 
1 1210 0 0 0 0.279721 0.240093 0.240093 0.240093 1 
1 1215 0 0 0 0.351379 0.216207 0.216207 0.216207 1 
1 1220 0 0 0 0.456622 0.181126 0.181126 0.181126 1 
1 1225 0 0 0 0.582533 0.139156 0.139156 0.139156 1 
1 1230 0 0 0 0.713656 0.0954481 0.0954481 0.0954481 1 
1 1235 0 0 0 0.833897 0.0553677 0.0553677 0.0553677 1 
1 1240 0 0 0 0.928497 0.0238342 0.0238342 0.0238342 1 
1 1245 0 0 0 0.985845 0.00471818 0.00471818 0.00471818 1 
1 1250 0 0 0 0.998902 0.000365938 0.000365938 0.000365938 1 
1 1255 0 0 0 0.966065 0.0113117 0.0113117 0.0113117 1 
1 1260 0 0 0 0.891364 0.0362119 0.0362119 0.0362119 1 
1 1265 0 0 0 0.783969 0.0720103 0.0720103 0.0720103 1 
1 1270 0 0 0 0.657061 0.114313 0.114313 0.114313 1 
1 1275 0 0 0 0.526218 0.157927 0.157927 0.157927 1 
1 1280 0 0 0 0.4075 0.1975 0.1975 0.1975 1 
1 1285 0 0 0 0.315479 0.228174 0.228174 0.228174 1 
1 1290 0 0 0 0.261449 0.246184 0.246184 0.246184 1 
1 1295 0 0 0 0.252043 0.249319 0.249319 0.249319 1 
1 1300 0 0 0 0.288414 0.237195 0.237195 0.237195 1 
1 1305 0 0 0 0.3661 0.2113 0.2113 0.2113 1 
1 1310 0 0 0 0.475563 0.174812 0.174812 0.174812 1 
1 1315 0 0 0 0.603369 0.13221 0.13221 0.13221 1 
1 1320 0 0 0 0.73383 0.0887232 0.0887232 0.0887232 1 
1 1325 0 0 0 0.850933 0.0496889 0.0496889 0.0496889 1 
1 1330 0 0 0 0.940304 0.0198986 0.0198986 0.0198986 1 
1 1335 0 0 0 0.990974 0.00300877 0.00300877 0.00300877 1 
1 1340 0 0 0 0.996722 0.00109257 0.00109257 0.00109257 1 
1 1345 0 0 0 0.956844 0.0143852 0.0143852 0.0143852 1 
1 1350 0 0 0 0.876235 0.041255 0.041255 0.041255 1 
1 1355 0 0 0 0.764788 0.078404 0.078404 0.078404 1 
1 1360 0 0 0 0.636183 0.121272 0.121272 0.121272 1 
1 1365 0 0 0 0.506205 0.164598 0.164598 0.164598 1 
1 1370 0 0 0 0.390809 0.203064 0.203064 0.203064 1 
1 1375 0 0 0 0.304158 0.231947 0.231947 0.231947 1 
1 1380 0 0 0 0.256888 0.247704 0.247704 0.247704 1 
1 1385 0 0 0 0.254802 0.248399 0.248399 0.248399 1 
1 1390 0 0 0 0.298155 0.233948 0.233948 0.233948 1 
1 1395 0 0 0 0.381626 0.206125 0.206125 0.206125 1 
1 1400 0 0 0 0.494969 0.168344 0.168344 0.168344 1 
1 1405 0 0 0 0.624273 0.125242 0.125242 0.125242 1 
1 1410 0 0 0 0.753667 0.0821111 0.0821111 0.0821111 1 
1 1415 0 0 0 0.867267 0.0442444 0.0442444 0.0442444 1 
1 1420 0 0 0 0.95113 0.0162898 0.0162898 0.0162898 1 
1 1425 0 0 0 0.994964 0.00167878 0.00167878 0.00167878 1 
1 1430 0 0 0 0.993386 0.00220458 0.00220458 0.00220458 1 
1 1435 0 0 0 0.946592 0.0178027 0.0178027 0.0178027 1 
1 1440 0 0 0 0.860324 0.0465586 0.0465586 0.0465586 1 
1 1445 0 0 0 0.745172 0.0849426 0.0849426 0.0849426 1 
1 1450 0 0 0 0.61527 0.128243 0.128243 0.128243 1 
1 1455 0 0 0 0.486561 0.171146 0.171146 0.171146 1 
1 1460 0 0 0 0.374846 0.208385 0.208385 0.208385 1 
1 1465 0 0 0 0.293835 0.235388 0.235388 0.235388 1 
1 1470 0 0 0 0.253472 0.248843 0.248843 0.248843 1 
1 1475 0 0 0 0.258712 0.247096 0.247096 0.247096 1 
1 1480 0 0 0 0.308912 0.230363 0.230363 0.230363 1 
1 1485 0 0 0 0.397909 0.200697 0.200697 0.200697 1 
1 1490 0 0 0 0.51478 0.16174 0.16174 0.16174 1 
1 1495 0 0 0 0.64518 0.118273 0.118273 0.118273 1 
1 1500 0 0 0 0.773103 0.0756324 0.0756324 0.0756324 1 
1 1505 0 0 0 0.882847 0.039051 0.039051 0.039051 1 
1 1510 0 0 0 0.960942 0.0130192 0.0130192 0.0130192 1 
1 1515 0 0 0 0.997803 0.000732332 0.000732332 0.000732332 1 
1 1520 0 0 0 0.988904 0.0036985 0.0036985 0.0036985 1 
1 1525 0 0 0 0.935339 0.0215536 0.0215536 0.0215536 1 
1 1530 0 0 0 0.843682 0.0521061 0.0521061 0.0521061 1 
1 1535 0 0 0 0.725182 0.0916058 0.0916058 0.0916058 1 
1 1540 0 0 0 0.594387 0.135204 0.135204 0.135204 1 
1 1545 0 0 0 0.467348 0.177551 0.177551 0.177551 1 
1 1550 0 0 0 0.359661 0.213446 0.213446 0.213446 1 
1 1555 0 0 0 0.284542 0.238486 0.238486 0.238486 1 
1 1560 0 0 0 0.251212 0.249596 0.249596 0.249596 1 
1 1565 0 0 0 0.263762 0.245413 0.245413 0.245413 1 
1 1570 0 0 0 0.320652 0.226449 0.226449 0.226449 1 
1 1575 0 0 0 0.414898 0.195034 0.195034 0.195034 1 
1 1580 0 0 0 0.534933 0.155022 0.155022 0.155022 1 
1 1585 0 0 0 0.666023 0.111326 0.111326 0.111326 1 
1 1590 0 0 0 0.792078 0.0693073 0.0693073 0.0693073 1 
1 1595 0 0 0 0.897625 0.0341249 0.0341249 0.0341249 1 
1 1600 0 0 0 0.96971 0.0100968 0.0100968 0.0100968 1 
1 1605 0 0 0 0.999483 0.000172379 0.000172379 0.000172379 1 
1 1610 0 0 0 0.983291 0.00556969 0.00556969 0.00556969 1 
1 1615 0 0 0 0.923121 0.0256263 0.0256263 0.0256263 1 
1 1620 0 0 0 0.826359 0.0578803 0.0578803 0.0578803 1 
1 1625 0 0 0 0.704881 0.0983729 0.0983729 0.0983729 1 
1 1630 0 0 0 0.573599 0.142134 0.142134 0.142134 1 
1 1635 0 0 0 0.448625 0.183792 0.183792 0.183792 1 
1 1640 0 0 0 0.345301 0.218233 0.218233 0.218233 1 
1 1645 0 0 0 0.276307 0.241231 0.241231 0.241231 1 
1 1650 0 0 0 0.250114 0.249962 0.249962 0.249962 1 
1 1655 0 0 0 0.269935 0.243355 0.243355 0.243355 1 
1 1660 0 0 0 0.333338 0.222221 0.222221 0.222221 1 
1 1665 0 0 0 0.432541 0.189153 0.189153 0.189153 1 
1 1670 0 0 0 0.555366 0.148211 0.148211 0.148211 1 
1 1675 0 0 0 0.686739 0.10442 0.10442 0.10442 1 
1 1680 0 0 0 0.810534 0.0631553 0.0631553 0.0631553 1 
1 1685 0 0 0 0.911556 0.0294814 0.0294814 0.0294814 1 
1 1690 0 0 0 0.977404 0.00753183 0.00753183 0.00753183 1 
1 1695 0 0 0 0.999998 6.61293e-07 6.61293e-07 6.61293e-07 1 
1 1700 0 0 0 0.976563 0.00781233 0.00781233 0.00781233 1 
1 1705 0 0 0 0.909976 0.030008 0.030008 0.030008 1 
1 1710 0 0 0 0.80841 0.0638633 0.0638633 0.0638633 1 
1 1715 0 0 0 0.684332 0.105223 0.105223 0.105223 1 
1 1720 0 0 0 0.552971 0.14901 0.14901 0.14901 1 
1 1725 0 0 0 0.430451 0.18985 0.18985 0.18985 1 
1 1730 0 0 0 0.331811 0.22273 0.22273 0.22273 1 
1 1735 0 0 0 0.269158 0.243614 0.243614 0.243614 1 
1 1740 0 0 0 0.250182 0.249939 0.249939 0.249939 1 
1 1745 0 0 0 0.277212 0.240929 0.240929 0.240929 1 
1 1750 0 0 0 0.346932 0.217689 0.217689 0.217689 1 
1 1755 0 0 0 0.450782 0.183073 0.183073 0.183073 1 
1 1760 0 0 0 0.576016 0.141328 0.141328 0.141328 1 
1 1765 0 0 0 0.707263 0.0975789 0.0975789 0.0975789 1 
1 1770 0 0 0 0.828413 0.0571958 0.0571958 0.0571958 1 
1 1775 0 0 0 0.924595 0.0251351 0.0251351 0.0251351 1 
1 1780 0 0 0 0.984003 0.00533218 0.00533218 0.00533218 1 
1 1785 0 0 0 0.999347 0.000217713 0.000217713 0.000217713 1 
1 1790 0 0 0 0.968742 0.0104194 0.0104194 0.0104194 1 
1 1795 0 0 0 0.895944 0.0346852 0.0346852 0.0346852 1 
1 1800 0 0 0 0.789891 0.0700365 0.0700365 0.0700365 1 
1 1805 0 0 0 0.663598 0.112134 0.112134 0.112134 1 
1 1810 0 0 0 0.532567 0.155811 0.155811 0.155811 1 
1 1815 0 0 0 0.412882 0.195706 0.195706 0.195706 1 
1 1820 0 0 0 0.319233 0.226922 0.226922 0.226922 1 
1 1825 0 0 0 0.263115 0.245628 0.245628 0.245628 1 
1 1830 0 0 0 0.251416 0.249528 0.249528 0.249528 1 
1 1835 0 0 0 0.285572 0.238143 0.238143 0.238143 1 
1 1840 0 0 0 0.36139 0.21287 0.21287 0.21287 1 
1 1845 0 0 0 0.469565 0.176812 0.176812 0.176812 1 
1 1850 0 0 0 0.596819 0.134394 0.134394 0.134394 1 
1 1855 0 0 0 0.727531 0.0908229 0.0908229 0.0908229 1 
1 1860 0 0 0 0.845659 0.051447 0.051447 0.051447 1 
1 1865 0 0 0 0.936702 0.0210993 0.0210993 0.0210993 1 
1 1870 0 0 0 0.989486 0.00350472 0.00350472 0.00350472 1 
1 1875 0 0 0 0.997531 0.000822858 0.000822858 0.000822858 1 
1 1880 0 0 0 0.959851 0.0133829 0.0133829 0.0133829 1 
1 1885 0 0 0 0.88107 0.0396432 0.0396432 0.0396432 1 
1 1890 0 0 0 0.770858 0.0763805 0.0763805 0.0763805 1 
1 1895 0 0 0 0.642743 0.119086 0.119086 0.119086 1 
1 1900 0 0 0 0.51245 0.162517 0.162517 0.162517 1 
1 1905 0 0 0 0.395972 0.201343 0.201343 0.201343 1 
1 1910 0 0 0 0.307606 0.230798 0.230798 0.230798 1 
1 1915 0 0 0 0.258197 0.247268 0.247268 0.247268 1 
1 1920 0 0 0 0.253811 0.24873 0.24873 0.24873 1 
1 1925 0 0 0 0.294986 0.235005 0.235005 0.235005 1 
1 1930 0 0 0 0.376668 0.207777 0.207777 0.207777 1 
1 1935 0 0 0 0.488832 0.170389 0.170389 0.170389 1 
1 1940 0 0 0 0.617709 0.12743 0.12743 0.12743 1 
1 1945 0 0 0 0.74748 0.0841732 0.0841732 0.0841732 1 
1 1950 0 0 0 0.862219 0.0459271 0.0459271 0.0459271 1 
1 1955 0 0 0 0.94784 0.0173867 0.0173867 0.0173867 1 
1 1960 0 0 0 0.993835 0.00205513 0.00205513 0.00205513 1 
1 1965 0 0 0 0.994557 0.00181422 0.00181422 0.00181422 1 
1 1970 0 0 0 0.949919 0.0166935 0.0166935 0.0166935 1 
1 1975 0 0 0 0.8654 0.0448668 0.0448668 0.0448668 1 
1 1980 0 0 0 0.751372 0.0828758 0.0828758 0.0828758 1 
1 1985 0 0 0 0.621834 0.126055 0.126055 0.126055 1 
1 1990 0 0 0 0.492684 0.169105 0.169105 0.169105 1 
1 1995 0 0 0 0.379775 0.206742 0.206742 0.206742 1 
1 2000 0 0 0 0.296966 0.234345 0.234345 0.234345 1 
1 2005 0 0 0 0.25442 0.248527 0.248527 0.248527 1 
1 2010 0 0 0 0.257361 0.247546 0.247546 0.247546 1 
1 2015 0 0 0 0.305428 0.231524 0.231524 0.231524 1 
1 2020 0 0 0 0.392719 0.202427 0.202427 0.202427 1 
1 2025 0 0 0 0.508522 0.163826 0.163826 0.163826 1 
1 2030 0 0 0 0.638621 0.12046 0.12046 0.12046 1 
1 2035 0 0 0 0.767049 0.0776504 0.0776504 0.0776504 1 
1 2040 0 0 0 0.878041 0.0406531 0.0406531 0.0406531 1 
1 2045 0 0 0 0.957974 0.0140088 0.0140088 0.0140088 1 
1 2050 0 0 0 0.997036 0.000987912 0.000987912 0.000987912 1 
1 2055 0 0 0 0.990434 0.0031887 0.0031887 0.0031887 1 
1 2060 0 0 0 0.938977 0.020341 0.020341 0.020341 1 
1 2065 0 0 0 0.848981 0.0503395 0.0503395 0.0503395 1 
1 2070 0 0 0 0.731494 0.0895021 0.0895021 0.0895021 1 
1 2075 0 0 0 0.600934 0.133022 0.133022 0.133022 1 
1 2080 0 0 0 0.473329 0.175557 0.175557 0.175557 1 
1 2085 0 0 0 0.36434 0.211887 0.211887 0.211887 1 
1 2090 0 0 0 0.287346 0.237551 0.237551 0.237551 1 
1 2095 0 0 0 0.251796 0.249401 0.249401 0.249401 1 
1 2100 0 0 0 0.262055 0.245982 0.245982 0.245982 1 
1 2105 0 0 0 0.316863 0.227712 0.227712 0.227712 1 
1 2110 0 0 0 0.409492 0.196836 0.196836 0.196836 1 
1 2115 0 0 0 0.528574 0.157142 0.157142 0.157142 1 
1 2120 0 0 0 0.659491 0.113503 0.113503 0.113503 1 
1 2125 0 0 0 0.786175 0.071275 0.071275 0.071275 1 
1 2130 0 0 0 0.893076 0.0356414 0.0356414 0.0356414 1 
1 2135 0 0 0 0.967072 0.0109761 0.0109761 0.0109761 1 
1 2140 0 0 0 0.999081 0.000306397 0.000306397 0.000306397 1 
1 2145 0 0 0 0.985174 0.00494204 0.00494204 0.00494204 1 
1 2150 0 0 0 0.927058 0.024314 0.024314 0.024314 1 
1 2155 0 0 0 0.831866 0.0560445 0.0560445 0.0560445 1 
1 2160 0 0 0 0.711283 0.0962389 0.0962389 0.0962389 1 
1 2165 0 0 0 0.58011 0.139963 0.139963 0.139963 1 
1 2170 0 0 0 0.454446 0.181851 0.181851 0.181851 1 
1 2175 0 0 0 0.349717 0.216761 0.216761 0.216761 1 
1 2180 0 0 0 0.278776 0.240408 0.240408 0.240408 1 
1 2185 0 0 0 0.250333 0.249889 0.249889 0.249889 1 
1 2190 0 0 0 0.267877 0.244041 0.244041 0.244041 1 
1 2195 0 0 0 0.329256 0.223581 0.223581 0.223581 1 
1 2200 0 0 0 0.426936 0.191021 0.191021 0.191021 1 
1 2205 0 0 0 0.548926 0.150358 0.150358 0.150358 1 
1 2210 0 0 0 0.680254 0.106582 0.106582 0.106582 1 
1 2215 0 0 0 0.8048 0.0650666 0.0650666 0.0650666 1 
1 2220 0 0 0 0.907277 0.0309077 0.0309077 0.0309077 1 
1 2225 0 0 0 0.975106 0.00829798 0.00829798 0.00829798 1 
1 2230 0 0 0 0.999962 1.27001e-05 1.27001e-05 1.27001e-05 1 
1 2235 0 0 0 0.978794 0.00706878 0.00706878 0.00706878 1 
1 2240 0 0 0 0.9142 0.0286001 0.0286001 0.0286001 1 
1 2245 0 0 0 0.814108 0.0619639 0.0619639 0.0619639 1 
1 2250 0 0 0 0.690805 0.103065 0.103065 0.103065 1 
1 2255 0 0 0 0.559425 0.146858 0.146858 0.146858 1 
1 2260 0 0 0 0.436093 0.187969 0.187969 0.187969 1 
1 2265 0 0 0 0.335949 0.22135 0.22135 0.22135 1 
1 2270 0 0 0 0.271284 0.242905 0.242905 0.242905 1 
1 2275 0 0 0 0.250035 0.249988 0.249988 0.249988 1 
1 2280 0 0 0 0.27481 0.24173 0.24173 0.24173 1 
1 2285 0 0 0 0.34257 0.219143 0.219143 0.219143 1 
1 2290 0 0 0 0.444995 0.185002 0.185002 0.185002 1 
1 2295 0 0 0 0.569515 0.143495 0.143495 0.143495 1 
1 2300 0 0 0 0.700845 0.0997182 0.0997182 0.0997182 1 
1 2305 0 0 0 0.822866 0.0590446 0.0590446 0.0590446 1 
1 2310 0 0 0 0.9206 0.0264666 0.0264666 0.0264666 1 
1 2315 0 0 0 0.982051 0.00598286 0.00598286 0.00598286 1 
1 2320 0 0 0 0.999677 0.000107735 0.000107735 0.000107735 1 
1 2325 0 0 0 0.971313 0.00956231 0.00956231 0.00956231 1 
1 2330 0 0 0 0.900442 0.0331861 0.0331861 0.0331861 1 
1 2335 0 0 0 0.795762 0.0680794 0.0680794 0.0680794 1 
1 2340 0 0 0 0.670122 0.109959 0.109959 0.109959 1 
1 2345 0 0 0 0.538944 0.153685 0.153685 0.153685 1 
1 2350 0 0 0 0.418328 0.193891 0.193891 0.193891 1 
1 2355 0 0 0 0.32308 0.22564 0.22564 0.22564 1 
1 2360 0 0 0 0.264891 0.245036 0.245036 0.245036 1 
1 2365 0 0 0 0.250903 0.249699 0.249699 0.249699 1 
1 2370 0 0 0 0.282833 0.239056 0.239056 0.239056 1 
1 2375 0 0 0 0.356761 0.214413 0.214413 0.214413 1 
1 2380 0 0 0 0.463614 0.178795 0.178795 0.178795 1 
1 2385 0 0 0 0.590276 0.136575 0.136575 0.136575 1 
1 2390 0 0 0 0.721201 0.0929331 0.0929331 0.0929331 1 
1 2395 0 0 0 0.840317 0.0532277 0.0532277 0.0532277 1 
1 2400 0 0 0 0.933004 0.0223319 0.0223319 0.0223319 1 
1 2405 0 0 0 0.987886 0.0040379 0.0040379 0.0040379 1 
1 2410 0 0 0 0.998226 0.000591206 0.000591206 0.000591206 1 
1 2415 0 0 0 0.962755 0.0124149 0.0124149 0.0124149 1 
1 2420 0 0 0 0.885827 0.0380576 0.0380576 0.0380576 1 
1 2425 0 0 0 0.776884 0.074372 0.074372 0.074372 1 
1 2430 0 0 0 0.649298 0.116901 0.116901 0.116901 1 
1 2435 0 0 0 0.51873 0.160423 0.160423 0.160423 1 
1 2440 0 0 0 0.401206 0.199598 0.199598 0.199598 1 
1 2445 0 0 0 0.311151 0.229616 0.229616 0.229616 1 
1 2450 0 0 0 0.259619 0.246794 0.246794 0.246794 1 
1 2455 0 0 0 0.252935 0.249022 0.249022 0.249022 1 
1 2460 0 0 0 0.291919 0.236027 0.236027 0.236027 1 
1 2465 0 0 0 0.371787 0.209404 0.209404 0.209404 1 
1 2470 0 0 0 0.482736 0.172421 0.172421 0.172421 1 
1 2475 0 0 0 0.611146 0.129618 0.129618 0.129618 1 
1 2480 0 0 0 0.741257 0.0862478 0.0862478 0.0862478 1 
1 2485 0 0 0 0.857098 0.0476341 0.0476341 0.0476341 1 
1 2490 0 0 0 0.94445 0.0185166 0.0185166 0.0185166 1 
1 2495 0 0 0 0.992593 0.00246916 0.00246916 0.00246916 1 
1 2500 0 0 0 0.995615 0.00146161 0.00146161 0.00146161 1 
1 2505 0 0 0 0.953147 0.0156176 0.0156176 0.0156176 1 
1 2510 0 0 0 0.870401 0.0431995 0.0431995 0.0431995 1 
1 2515 0 0 0 0.757534 0.0808219 0.0808219 0.0808219 1 
1 2520 0 0 0 0.628399 0.123867 0.123867 0.123867 1 
1 2525 0 0 0 0.498847 0.167051 0.167051 0.167051 1 
1 2530 0 0 0 0.384779 0.205074 0.205074 0.205074 1 
1 2535 0 0 0 0.300197 0.233268 0.233268 0.233268 1 
1 2540 0 0 0 0.255482 0.248173 0.248173 0.248173 1 
1 2545 0 0 0 0.256123 0.247959 0.247959 0.247959 1 
1 2550 0 0 0 0.302042 0.232653 0.232653 0.232653 1 
1 2555 0 0 0 0.387601 0.204133 0.204133 0.204133 1 
1 2560 0 0 0 0.502299 0.1659 0.1659 0.1659 1 
1 2565 0 0 0 0.632058 0.122647 0.122647 0.122647 1 
1 2570 0 0 0 0.760951 0.079683 0.079683 0.079683 1 
1 2575 0 0 0 0.873157 0.0422811 0.0422811 0.0422811 1 
1 2580 0 0 0 0.954903 0.0150324 0.0150324 0.0150324 1 
1 2585 0 0 0 0.996155 0.0012815 0.0012815 0.0012815 1 
1 2590 0 0 0 0.991851 0.00271624 0.00271624 0.00271624 1 
1 2595 0 0 0 0.942519 0.0191605 0.0191605 0.0191605 1 
1 2600 0 0 0 0.854212 0.0485959 0.0485959 0.0485959 1 
1 2605 0 0 0 0.737772 0.0874093 0.0874093 0.0874093 1 
1 2610 0 0 0 0.60749 0.130837 0.130837 0.130837 1 
1 2615 0 0 0 0.479357 0.173548 0.173548 0.173548 1 
1 2620 0 0 0 0.3691 0.2103 0.2103 0.2103 1 
1 2625 0 0 0 0.290254 0.236582 0.236582 0.236582 1 
1 2630 0 0 0 0.252495 0.249168 0.249168 0.249168 1 
1 2635 0 0 0 0.260459 0.246514 0.246514 0.246514 1 
1 2640 0 0 0 0.313168 0.228944 0.228944 0.228944 1 
1 2645 0 0 0 0.404153 0.198616 0.198616 0.198616 1 
1 2650 0 0 0 0.522244 0.159252 0.159252 0.159252 1 
1 2655 0 0 0 0.652949 0.115684 0.115684 0.115684 1 
1 2660 0 0 0 0.780223 0.0732591 0.0732591 0.0732591 1 
1 2665 0 0 0 0.888444 0.0371853 0.0371853 0.0371853 1 
1 2670 0 0 0 0.964329 0.0118903 0.0118903 0.0118903 1 
1 2675 0 0 0 0.998564 0.000478635 0.000478635 0.000478635 1 
1 2680 0 0 0 0.986946 0.00435119 0.00435119 0.00435119 1 
1 2685 0 0 0 0.930902 0.0230326 0.0230326 0.0230326 1 
1 2690 0 0 0 0.837311 0.0542298 0.0542298 0.0542298 1 
1 2695 0 0 0 0.717659 0.0941136 0.0941136 0.0941136 1 
1 2700 0 0 0 0.586634 0.137789 0.137789 0.137789 1 
1 2705 0 0 0 0.460319 0.179894 0.179894 0.179894 1 
1 2710 0 0 0 0.354217 0.215261 0.215261 0.215261 1 
1 2715 0 0 0 0.281352 0.239549 0.239549 0.239549 1 
1 2720 0 0 0 0.250667 0.249778 0.249778 0.249778 1 
1 2725 0 0 0 0.265929 0.24469 0.24469 0.24469 1 
1 2730 0 0 0 0.325265 0.224912 0.224912 0.224912 1 
1 2735 0 0 0 0.421391 0.19287 0.19287 0.19287 1 
1 2740 0 0 0 0.542509 0.152497 0.152497 0.152497 1 
1 2745 0 0 0 0.673752 0.108749 0.108749 0.108749 1 
1 2750 0 0 0 0.799011 0.0669962 0.0669962 0.0669962 1 
1 2755 0 0 0 0.902912 0.0323627 0.0323627 0.0323627 1 
1 2760 0 0 0 0.9727 0.0090999 0.0090999 0.0090999 1 
1 2765 0 0 0 0.999811 6.30492e-05 6.30492e-05 6.30492e-05 1 
1 2770 0 0 0 0.980916 0.00636138 0.00636138 0.00636138 1 
1 2775 0 0 0 0.918335 0.0272218 0.0272218 0.0272218 1 
1 2780 0 0 0 0.819748 0.0600839 0.0600839 0.0600839 1 
1 2785 0 0 0 0.697258 0.100914 0.100914 0.100914 1 
1 2790 0 0 0 0.565899 0.1447 0.1447 0.1447 1 
1 2795 0 0 0 0.441793 0.186069 0.186069 0.186069 1 
1 2800 0 0 0 0.340176 0.219941 0.219941 0.219941 1 
1 2805 0 0 0 0.273518 0.242161 0.242161 0.242161 1 
1 2810 0 0 0 0.250003 0.249999 0.249999 0.249999 1 
1 2815 0 0 0 0.272516 0.242495 0.242495 0.242495 1 
1 2820 0 0 0 0.338294 0.220569 0.220569 0.220569 1 
1 2825 0 0 0 0.439263 0.186912 0.186912 0.186912 1 
1 2830 0 0 0 0.563031 0.145656 0.145656 0.145656 1 
1 2835 0 0 0 0.694404 0.101865 0.101865 0.101865 1 
1 2840 0 0 0 0.817259 0.0609136 0.0609136 0.0609136 1 
1 2845 0 0 0 0.916515 0.0278282 0.0278282 0.0278282 1 
1 2850 0 0 0 0.97999 0.00667002 0.00667002 0.00667002 1 
1 2855 0 0 0 0.999892 3.60384e-05 3.60384e-05 3.60384e-05 1 
1 2860 0 0 0 0.973778 0.00874056 0.00874056 0.00874056 1 
1 2865 0 0 0 0.904855 0.0317152 0.0317152 0.0317152 1 
1 2870 0 0 0 0.80158 0.0661399 0.0661399 0.0661399 1 
1 2875 0 0 0 0.676632 0.107789 0.107789 0.107789 1 
1 2880 0 0 0 0.545347 0.151551 0.151551 0.151551 1 
1 2885 0 0 0 0.423838 0.192054 0.192054 0.192054 1 
1 2890 0 0 0 0.32702 0.224327 0.224327 0.224327 1 
1 2895 0 0 0 0.266778 0.244407 0.244407 0.244407 1 
1 2900 0 0 0 0.250505 0.249832 0.249832 0.249832 1 
1 2905 0 0 0 0.280199 0.239934 0.239934 0.239934 1 
1 2910 0 0 0 0.352215 0.215928 0.215928 0.215928 1 
1 2915 0 0 0 0.457713 0.180762 0.180762 0.180762 1 
1 2920 0 0 0 0.583745 0.138752 0.138752 0.138752 1 
1 2925 0 0 0 0.71484 0.0950532 0.0950532 0.0950532 1 
1 2930 0 0 0 0.834909 0.0550304 0.0550304 0.0550304 1 
1 2935 0 0 0 0.929212 0.0235959 0.0235959 0.0235959 1 
1 2940 0 0 0 0.986176 0.00460816 0.00460816 0.00460816 1 
1 2945 0 0 0 0.998807 0.000397687 0.000397687 0.000397687 1 
1 2950 0 0 0 0.965556 0.0114813 0.0114813 0.0114813 1 
1 2955 0 0 0 0.890504 0.0364986 0.0364986 0.0364986 1 
1 2960 0 0 0 0.782863 0.0723789 0.0723789 0.0723789 1 
1 2965 0 0 0 0.655846 0.114718 0.114718 0.114718 1 
1 2970 0 0 0 0.525042 0.158319 0.158319 0.158319 1 
1 2975 0 0 0 0.406508 0.197831 0.197831 0.197831 1 
1 2980 0 0 0 0.314792 0.228403 0.228403 0.228403 1 
1 2985 0 0 0 0.261152 0.246283 0.246283 0.246283 1 
1 2990 0 0 0 0.252172 0.249276 0.249276 0.249276 1 
1 2995 0 0 0 0.288954 0.237015 0.237015 0.237015 1 
1 3000 0 0 0 0.366984 0.211005 0.211005 0.211005 1 
