0.000000000000000000e+00
5.000000000000000105e-09
1.000000000000000021e-08
1.500000000000000197e-08
2.000000000000000042e-08
2.499999999999999887e-08
3.000000000000000394e-08
3.500000000000000239e-08
4.000000000000000084e-08
4.499999999999999929e-08
4.999999999999999774e-08
5.500000000000000281e-08
6.000000000000000787e-08
6.499999999999999971e-08
7.000000000000000477e-08
7.499999999999999661e-08
8.000000000000000167e-08
8.500000000000000674e-08
8.999999999999999857e-08
9.500000000000000364e-08
9.999999999999999547e-08
1.050000000000000005e-07
1.100000000000000056e-07
1.149999999999999974e-07
1.200000000000000157e-07
1.249999999999999943e-07
1.299999999999999994e-07
1.350000000000000045e-07
1.400000000000000095e-07
1.450000000000000146e-07
1.499999999999999932e-07
1.549999999999999983e-07
1.600000000000000033e-07
1.650000000000000084e-07
1.700000000000000135e-07
1.749999999999999921e-07
1.799999999999999971e-07
1.850000000000000022e-07
1.900000000000000073e-07
1.950000000000000124e-07
1.999999999999999909e-07
2.049999999999999960e-07
2.100000000000000011e-07
2.150000000000000062e-07
2.200000000000000112e-07
2.250000000000000163e-07
2.299999999999999949e-07
2.350000000000000000e-07
2.400000000000000315e-07
2.449999999999999836e-07
2.499999999999999887e-07
2.549999999999999938e-07
2.599999999999999988e-07
2.650000000000000039e-07
2.700000000000000090e-07
2.750000000000000140e-07
2.800000000000000191e-07
2.850000000000000242e-07
2.900000000000000292e-07
2.949999999999999814e-07
2.999999999999999864e-07
3.049999999999999915e-07
3.099999999999999966e-07
3.150000000000000016e-07
3.200000000000000067e-07
3.250000000000000118e-07
3.300000000000000168e-07
3.350000000000000219e-07
3.400000000000000270e-07
3.450000000000000320e-07
3.499999999999999842e-07
3.549999999999999892e-07
3.599999999999999943e-07
3.649999999999999994e-07
3.700000000000000044e-07
3.750000000000000095e-07
3.800000000000000146e-07
3.850000000000000196e-07
3.900000000000000247e-07
3.950000000000000298e-07
3.999999999999999819e-07
4.049999999999999870e-07
4.099999999999999920e-07
4.149999999999999971e-07
4.200000000000000022e-07
4.250000000000000072e-07
4.300000000000000123e-07
4.350000000000000174e-07
4.400000000000000224e-07
4.450000000000000275e-07
4.500000000000000326e-07
4.549999999999999847e-07
4.599999999999999898e-07
4.649999999999999948e-07
4.699999999999999999e-07
4.750000000000000050e-07
4.800000000000000630e-07
4.850000000000000151e-07
4.899999999999999672e-07
4.950000000000000252e-07
4.999999999999999774e-07
5.050000000000000354e-07
5.099999999999999875e-07
5.150000000000000455e-07
5.199999999999999976e-07
5.250000000000000557e-07
5.300000000000000078e-07
5.349999999999999599e-07
5.400000000000000179e-07
5.449999999999999700e-07
5.500000000000000281e-07
5.549999999999999802e-07
5.600000000000000382e-07
5.649999999999999903e-07
5.700000000000000483e-07
5.750000000000000004e-07
5.800000000000000585e-07
5.850000000000000106e-07
5.899999999999999627e-07
5.950000000000000207e-07
5.999999999999999728e-07
6.050000000000000309e-07
6.099999999999999830e-07
6.150000000000000410e-07
6.199999999999999931e-07
6.250000000000000511e-07
6.300000000000000033e-07
6.350000000000000613e-07
6.400000000000000134e-07
6.449999999999999655e-07
6.500000000000000235e-07
6.549999999999999757e-07
6.600000000000000337e-07
6.649999999999999858e-07
6.700000000000000438e-07
6.749999999999999959e-07
6.800000000000000539e-07
6.850000000000000061e-07
6.900000000000000641e-07
6.950000000000000162e-07
6.999999999999999683e-07
7.050000000000000263e-07
7.099999999999999785e-07
7.150000000000000365e-07
7.199999999999999886e-07
7.250000000000000466e-07
7.299999999999999987e-07
7.350000000000000567e-07
7.400000000000000089e-07
7.450000000000000669e-07
7.500000000000000190e-07
7.549999999999999711e-07
7.600000000000000291e-07
7.649999999999999813e-07
7.700000000000000393e-07
7.749999999999999914e-07
7.800000000000000494e-07
7.850000000000000015e-07
7.900000000000000595e-07
7.950000000000000117e-07
7.999999999999999638e-07
8.050000000000000218e-07
8.099999999999999739e-07
8.150000000000000319e-07
8.199999999999999841e-07
8.250000000000000421e-07
8.299999999999999942e-07
8.350000000000000522e-07
8.400000000000000043e-07
8.450000000000000623e-07
8.500000000000000145e-07
8.549999999999999666e-07
8.600000000000000246e-07
8.649999999999999767e-07
8.700000000000000347e-07
8.749999999999999869e-07
8.800000000000000449e-07
8.849999999999999970e-07
8.900000000000000550e-07
8.950000000000000071e-07
9.000000000000000652e-07
9.050000000000000173e-07
9.099999999999999694e-07
9.150000000000000274e-07
9.199999999999999795e-07
9.250000000000000376e-07
9.299999999999999897e-07
9.350000000000000477e-07
9.399999999999999998e-07
9.450000000000000578e-07
9.500000000000000100e-07
9.549999999999999621e-07
9.600000000000001260e-07
9.650000000000000781e-07
9.700000000000000302e-07
9.749999999999999823e-07
9.799999999999999345e-07
9.850000000000000984e-07
9.900000000000000505e-07
9.950000000000000026e-07
9.999999999999999547e-07
1.005000000000000119e-06
1.010000000000000071e-06
1.015000000000000023e-06
1.019999999999999975e-06
1.024999999999999927e-06
1.030000000000000091e-06
1.035000000000000043e-06
1.039999999999999995e-06
1.044999999999999947e-06
1.050000000000000111e-06
1.055000000000000063e-06
1.060000000000000016e-06
1.064999999999999968e-06
1.069999999999999920e-06
1.075000000000000084e-06
1.080000000000000036e-06
1.084999999999999988e-06
1.089999999999999940e-06
1.095000000000000104e-06
1.100000000000000056e-06
1.105000000000000008e-06
1.109999999999999960e-06
1.115000000000000124e-06
1.120000000000000076e-06
1.125000000000000029e-06
1.129999999999999981e-06
1.134999999999999933e-06
1.140000000000000097e-06
1.145000000000000049e-06
1.150000000000000001e-06
1.154999999999999953e-06
1.160000000000000117e-06
1.165000000000000069e-06
1.170000000000000021e-06
1.174999999999999973e-06
1.179999999999999925e-06
1.185000000000000089e-06
1.190000000000000041e-06
1.194999999999999994e-06
1.199999999999999946e-06
1.205000000000000110e-06
1.210000000000000062e-06
1.215000000000000014e-06
1.219999999999999966e-06
1.225000000000000130e-06
1.230000000000000082e-06
1.235000000000000034e-06
1.239999999999999986e-06
1.244999999999999938e-06
1.250000000000000102e-06
1.255000000000000054e-06
1.260000000000000007e-06
1.264999999999999959e-06
1.270000000000000123e-06
1.275000000000000075e-06
1.280000000000000027e-06
1.284999999999999979e-06
1.289999999999999931e-06
1.295000000000000095e-06
1.300000000000000047e-06
1.304999999999999999e-06
1.309999999999999951e-06
1.315000000000000115e-06
1.320000000000000067e-06
1.325000000000000019e-06
1.329999999999999972e-06
1.334999999999999924e-06
1.340000000000000088e-06
1.345000000000000040e-06
1.349999999999999992e-06
1.354999999999999944e-06
1.360000000000000108e-06
1.365000000000000060e-06
1.370000000000000012e-06
1.374999999999999964e-06
1.380000000000000128e-06
1.385000000000000080e-06
1.390000000000000032e-06
1.394999999999999985e-06
1.399999999999999937e-06
1.405000000000000101e-06
1.410000000000000053e-06
1.415000000000000005e-06
1.419999999999999957e-06
1.425000000000000121e-06
1.430000000000000073e-06
1.435000000000000025e-06
1.439999999999999977e-06
1.444999999999999929e-06
1.450000000000000093e-06
1.455000000000000045e-06
1.459999999999999997e-06
1.464999999999999950e-06
1.470000000000000113e-06
1.475000000000000066e-06
1.480000000000000018e-06
1.484999999999999970e-06
1.490000000000000134e-06
1.495000000000000086e-06
1.500000000000000038e-06
1.504999999999999990e-06
1.509999999999999942e-06
1.515000000000000106e-06
1.520000000000000058e-06
1.525000000000000010e-06
1.529999999999999963e-06
1.535000000000000126e-06
1.540000000000000079e-06
1.545000000000000031e-06
1.549999999999999983e-06
1.554999999999999935e-06
1.560000000000000099e-06
1.565000000000000051e-06
1.570000000000000003e-06
1.574999999999999955e-06
1.580000000000000119e-06
1.585000000000000071e-06
1.590000000000000023e-06
1.594999999999999975e-06
1.599999999999999928e-06
1.605000000000000091e-06
1.610000000000000044e-06
1.614999999999999996e-06
1.619999999999999948e-06
1.625000000000000112e-06
1.630000000000000064e-06
1.635000000000000016e-06
1.639999999999999968e-06
1.645000000000000132e-06
1.650000000000000084e-06
1.655000000000000036e-06
1.659999999999999988e-06
1.664999999999999941e-06
1.670000000000000104e-06
1.675000000000000057e-06
1.680000000000000009e-06
1.684999999999999961e-06
1.690000000000000125e-06
1.695000000000000077e-06
1.700000000000000029e-06
1.704999999999999981e-06
1.709999999999999933e-06
1.715000000000000097e-06
1.720000000000000049e-06
1.725000000000000001e-06
1.729999999999999953e-06
1.735000000000000117e-06
1.740000000000000069e-06
1.745000000000000022e-06
1.749999999999999974e-06
1.755000000000000138e-06
1.760000000000000090e-06
1.765000000000000042e-06
1.769999999999999994e-06
1.774999999999999946e-06
1.780000000000000110e-06
1.785000000000000062e-06
1.790000000000000014e-06
1.794999999999999966e-06
1.800000000000000130e-06
1.805000000000000082e-06
1.810000000000000035e-06
1.814999999999999987e-06
1.819999999999999939e-06
1.825000000000000103e-06
1.830000000000000055e-06
1.835000000000000007e-06
1.839999999999999959e-06
1.845000000000000123e-06
1.850000000000000075e-06
1.855000000000000027e-06
1.859999999999999979e-06
1.865000000000000143e-06
1.870000000000000095e-06
1.875000000000000048e-06
1.880000000000000000e-06
1.884999999999999952e-06
1.890000000000000116e-06
1.895000000000000068e-06
1.900000000000000020e-06
1.904999999999999972e-06
1.909999999999999924e-06
1.914999999999999876e-06
1.920000000000000252e-06
1.925000000000000204e-06
1.930000000000000156e-06
1.935000000000000108e-06
1.940000000000000060e-06
1.945000000000000013e-06
1.949999999999999965e-06
1.954999999999999917e-06
1.959999999999999869e-06
1.965000000000000245e-06
1.970000000000000197e-06
1.975000000000000149e-06
1.980000000000000101e-06
1.985000000000000053e-06
1.990000000000000005e-06
1.994999999999999957e-06
1.999999999999999909e-06
2.004999999999999862e-06
2.010000000000000237e-06
2.015000000000000189e-06
2.020000000000000142e-06
2.025000000000000094e-06
2.030000000000000046e-06
2.034999999999999998e-06
2.039999999999999950e-06
2.044999999999999902e-06
2.049999999999999854e-06
2.055000000000000230e-06
2.060000000000000182e-06
2.065000000000000134e-06
2.070000000000000086e-06
2.075000000000000038e-06
2.079999999999999991e-06
2.084999999999999943e-06
2.089999999999999895e-06
2.094999999999999847e-06
2.100000000000000223e-06
2.105000000000000175e-06
2.110000000000000127e-06
2.115000000000000079e-06
2.120000000000000031e-06
2.124999999999999983e-06
2.129999999999999935e-06
2.134999999999999888e-06
2.139999999999999840e-06
2.145000000000000215e-06
2.150000000000000167e-06
2.155000000000000120e-06
2.160000000000000072e-06
2.165000000000000024e-06
2.169999999999999976e-06
2.174999999999999928e-06
2.179999999999999880e-06
2.185000000000000256e-06
2.190000000000000208e-06
2.195000000000000160e-06
2.200000000000000112e-06
2.205000000000000064e-06
2.210000000000000016e-06
2.214999999999999969e-06
2.219999999999999921e-06
2.224999999999999873e-06
2.230000000000000248e-06
2.235000000000000201e-06
2.240000000000000153e-06
2.245000000000000105e-06
2.250000000000000057e-06
2.255000000000000009e-06
2.259999999999999961e-06
2.264999999999999913e-06
2.269999999999999866e-06
2.275000000000000241e-06
2.280000000000000193e-06
2.285000000000000145e-06
2.290000000000000098e-06
2.295000000000000050e-06
2.300000000000000002e-06
2.304999999999999954e-06
2.309999999999999906e-06
2.314999999999999858e-06
2.320000000000000234e-06
2.325000000000000186e-06
2.330000000000000138e-06
2.335000000000000090e-06
2.340000000000000042e-06
2.344999999999999994e-06
2.349999999999999947e-06
2.354999999999999899e-06
2.359999999999999851e-06
2.365000000000000226e-06
2.370000000000000179e-06
2.375000000000000131e-06
2.380000000000000083e-06
2.385000000000000035e-06
2.389999999999999987e-06
2.394999999999999939e-06
2.399999999999999891e-06
2.404999999999999844e-06
2.410000000000000219e-06
2.415000000000000171e-06
2.420000000000000123e-06
2.425000000000000076e-06
2.430000000000000028e-06
2.434999999999999980e-06
2.439999999999999932e-06
2.444999999999999884e-06
2.450000000000000260e-06
2.455000000000000212e-06
2.460000000000000164e-06
2.465000000000000116e-06
2.470000000000000068e-06
2.475000000000000020e-06
2.479999999999999972e-06
2.484999999999999925e-06
2.489999999999999877e-06
2.495000000000000252e-06
2.500000000000000205e-06
2.505000000000000157e-06
2.510000000000000109e-06
2.515000000000000061e-06
2.520000000000000013e-06
2.524999999999999965e-06
2.529999999999999917e-06
2.534999999999999869e-06
2.540000000000000245e-06
2.545000000000000197e-06
2.550000000000000149e-06
2.555000000000000101e-06
2.560000000000000054e-06
2.565000000000000006e-06
2.569999999999999958e-06
2.574999999999999910e-06
2.579999999999999862e-06
2.585000000000000238e-06
2.590000000000000190e-06
2.595000000000000142e-06
2.600000000000000094e-06
2.605000000000000046e-06
2.609999999999999998e-06
2.614999999999999950e-06
2.619999999999999903e-06
2.624999999999999855e-06
2.630000000000000230e-06
2.635000000000000183e-06
2.640000000000000135e-06
2.645000000000000087e-06
2.650000000000000039e-06
2.654999999999999991e-06
2.659999999999999943e-06
2.664999999999999895e-06
2.669999999999999847e-06
2.675000000000000223e-06
2.680000000000000175e-06
2.685000000000000127e-06
2.690000000000000079e-06
2.695000000000000032e-06
2.699999999999999984e-06
2.704999999999999936e-06
2.709999999999999888e-06
2.715000000000000264e-06
2.720000000000000216e-06
2.725000000000000168e-06
2.730000000000000120e-06
2.735000000000000072e-06
2.740000000000000024e-06
2.744999999999999976e-06
2.749999999999999928e-06
2.754999999999999881e-06
2.760000000000000256e-06
2.765000000000000208e-06
2.770000000000000161e-06
2.775000000000000113e-06
2.780000000000000065e-06
2.785000000000000017e-06
2.789999999999999969e-06
2.794999999999999921e-06
2.799999999999999873e-06
2.805000000000000249e-06
2.810000000000000201e-06
2.815000000000000153e-06
2.820000000000000105e-06
2.825000000000000057e-06
2.830000000000000010e-06
2.834999999999999962e-06
2.839999999999999914e-06
2.844999999999999866e-06
2.850000000000000242e-06
2.855000000000000194e-06
2.860000000000000146e-06
2.865000000000000098e-06
2.870000000000000050e-06
2.875000000000000002e-06
2.879999999999999954e-06
2.884999999999999907e-06
2.889999999999999859e-06
2.895000000000000234e-06
2.900000000000000186e-06
2.905000000000000139e-06
2.910000000000000091e-06
2.915000000000000043e-06
2.919999999999999995e-06
2.924999999999999947e-06
2.929999999999999899e-06
2.934999999999999851e-06
2.940000000000000227e-06
2.945000000000000179e-06
2.950000000000000131e-06
2.955000000000000083e-06
2.960000000000000035e-06
2.964999999999999988e-06
2.969999999999999940e-06
2.974999999999999892e-06
2.980000000000000267e-06
2.985000000000000220e-06
2.990000000000000172e-06
2.995000000000000124e-06
