9.999999999999997780e-01
9.769846559134928166e-01
9.107637225786608948e-01
8.094657201189903173e-01
6.855248262181310448e-01
5.541545994815171294e-01
4.314805379636116323e-01
3.325606984972319102e-01
2.695373428298665219e-01
2.501464932280932363e-01
2.767683473614699352e-01
3.461351126129172950e-01
4.497321227152508705e-01
5.748430002490829693e-01
7.061105728749851318e-01
8.274219431764295862e-01
9.238863226210789481e-01
9.836628534917704059e-01
9.994140563899909235e-01
9.692064948134200275e-01
8.967481015831653135e-01
7.909330356581405486e-01
6.647499374791352444e-01
5.336875928596285235e-01
4.138337077865522629e-01
3.199001666691539958e-01
2.634171706204628816e-01
2.513179225854621501e-01
2.850875870911190879e-01
3.605809885309577689e-01
4.685314252459818474e-01
5.956881432375962238e-01
7.264428463223993049e-01
8.447455910498622433e-01
9.360748931588283028e-01
9.892202179637914483e-01
9.976580566527861738e-01
9.603526771977628496e-01
8.818832589056815330e-01
7.718818050350944038e-01
6.438508288604485319e-01
5.135059404442465780e-01
3.968467791018622792e-01
3.081930817020877011e-01
2.584269564703063349e-01
2.536571205453886368e-01
2.944690641242997398e-01
3.758531824196470472e-01
4.878196971244558311e-01
6.166248866977920295e-01
7.464581075450925640e-01
8.613825267767003524e-01
9.472913445128745558e-01
9.936393823849782869e-01
9.947374883446311600e-01
9.504508715343018554e-01
8.662156476626543533e-01
7.523715639646755271e-01
6.228928107556828131e-01
4.936727105550321459e-01
3.805728366137219876e-01
2.974760286170116119e-01
2.545822949607881025e-01
2.571567770382289231e-01
3.048834610404044243e-01
3.919039681767679806e-01
5.075366618742231939e-01
6.375878026259560460e-01
7.660938082012882511e-01
8.772807593921301272e-01
9.575006249082236298e-01
9.969065367228999719e-01
9.906614783364011689e-01
9.395320212875235555e-01
8.497942296483833591e-01
7.324632825842720685e-01
6.019413776525091020e-01
4.742498826799291800e-01
3.650627369212773310e-01
2.877824985530995638e-01
2.518952007840692398e-01
2.618059555237111646e-01
3.162982325106231674e-01
4.086831865752109105e-01
5.276207033396789203e-01
6.585113812285594559e-01
7.852885860883147551e-01
8.923906064025681761e-01
9.666708300118597164e-01
9.990114710140749477e-01
9.854427642918339725e-01
9.276302482192901877e-01
8.326703223278266730e-01
7.122191749201770561e-01
5.810620034602539397e-01
4.552981537872496931e-01
3.503649495901139943e-01
2.791427841068210292e-01
2.503740711967768484e-01
2.675901271679788640e-01
3.286777070031543513e-01
4.261384020121899985e-01
5.480090582385526154e-01
6.793302356424955057e-01
8.039824569014839550e-01
9.066648490450670561e-01
9.747733026348202046e-01
9.999476072704369667e-01
9.790976548619162445e-01
9.147827457572229592e-01
8.148974384678530081e-01
6.917025044667330924e-01
5.603199369018054821e-01
4.368767486456766047e-01
3.365254056832902574e-01
2.715838846665941109e-01
2.500236597783051518e-01
2.744912162466702776e-01
3.419831982579012997e-01
4.442150663722057580e-01
5.686380122992051867e-01
6.999793062711496816e-01
8.221170016869912001e-01
9.200588798474849117e-01
9.817827222868442671e-01
9.997120200357623165e-01
9.716459787198199471e-01
9.010296627640342892e-01
7.965311189081081267e-01
6.709773864858581405e-01
5.397799976092346741e-01
4.190432347449357664e-01
3.235873542252722945e-01
2.651294220388183964e-01
2.508450615757243929e-01
2.824876566321427029e-01
3.561731261822909111e-01
4.628566894916775754e-01
5.894430993697975518e-01
7.203940640977544163e-01
8.396355494030460775e-01
9.325308420282856225e-01
9.876771843037281950e-01
9.983054455278157491e-01
9.631110225956538429e-01
8.864139780710250660e-01
7.776287589940840128e-01
6.501085876447665335e-01
5.195063735603369093e-01
4.018533423955202299e-01
3.115912270473271128e-01
2.597995666289628636e-01
2.528357096817237526e-01
2.915544591883235115e-01
3.712031467904157722e-01
4.820050156925423379e-01
6.103593028771108209e-01
7.405107123406631242e-01
8.564833540187183347e-01
9.440417603003403713e-01
9.924382683001102823e-01
9.957322793376454095e-01
9.535194585046744553e-01
8.709813661678413865e-01
7.582494292148010961e-01
6.291613236180306767e-01
4.995624204891171427e-01
3.853607905696586622e-01
3.005745124367353860e-01
2.556109744083927549e-01
2.559893832562799565e-01
3.016632898625718484e-01
3.870262907794299601e-01
5.016002058331402447e-01
6.313212590054502193e-01
7.602663858203664304e-01
8.726077655970645441e-01
9.545556626699674974e-01
9.960510957337767035e-01
9.920005626932184573e-01
9.429012603963731198e-01
8.547800544682094825e-01
7.384536906056087258e-01
6.082010552864780539e-01
4.800104638970612569e-01
3.696171190277816043e-01
2.905716379846766118e-01
2.525767348639183507e-01
2.602962269669846784e-01
3.127825582305142627e-01
4.035931103101478845e-01
5.215810243074781027e-01
6.522634609606936529e-01
7.795993474152208558e-01
8.879583948278915173e-01
9.640396928505812202e-01
9.985043764015875123e-01
9.871219573303215977e-01
9.312896104849077705e-01
8.378606725977004732e-01
7.183034054929815504e-01
5.872932841698107476e-01
4.609116042839179195e-01
3.546715272550946541e-01
2.816138629988862441e-01
2.507063300927223626e-01
2.657427817872779485e-01
3.248775162171469999e-01
4.208518335331476456e-01
5.418850304084870118e-01
6.731204636811515263e-01
7.984491809919598282e-01
9.024872704959878700e-01
9.724642129396547929e-01
9.997904437217287610e-01
9.811117090492584847e-01
9.187207955536063064e-01
8.202760941745049772e-01
6.978615441727400448e-01
5.665033477322285460e-01
4.423255262066527749e-01
3.405707207115889479e-01
2.737291808173043517e-01
2.500056051704991900e-01
2.723120270563441636e-01
3.379103666856997368e-01
4.387485263774832944e-01
5.624487734572619635e-01
6.938270883555117674e-01
8.167569802080745234e-01
9.161489893927323713e-01
9.798028960381306440e-01
9.999052786920308300e-01
9.739886000712287828e-01
9.052340935575911018e-01
8.020812715776592938e-01
6.771919881258297025e-01
5.458962152007305058e-01
4.243103117632676669e-01
3.273587648759612723e-01
2.669422313279853354e-01
2.504767498854034158e-01
2.799834336692308967e-01
3.518403815549176472e-01
4.572272610964107642e-01
5.832079910884959695e-01
7.143186261087435263e-01
8.344655325960483871e-01
9.289008582025941596e-01
9.860328085228334816e-01
9.988485224494794146e-01
9.657748903432754606e-01
8.908716508788903088e-01
7.833330642190737825e-01
6.563593303866162021e-01
5.255362845341675637e-01
4.069222590843561416e-01
3.150769475395595043e-01
2.612742239686449697e-01
2.521182918948892682e-01
2.887330282309671925e-01
3.666240290756366260e-01
4.762302910434111913e-01
6.040978100724583300e-01
7.345310402194349386e-01
8.515194983541769513e-01
9.407030269211325013e-01
9.911344817147891284e-01
9.966234773916753387e-01
9.564962479752274760e-01
8.756783506176248899e-01
7.640900608560228235e-01
6.354286736875536246e-01
5.054871811775294432e-01
3.902157063996166686e-01
3.037636497806944780e-01
2.567428714464805029e-01
2.549251013268307720e-01
2.985334679742038255e-01
3.822151098689160476e-01
4.956982311323405166e-01
6.250529490459473259e-01
7.544011662366265636e-01
8.678655832852461005e-01
9.515186133875552787e-01
9.950919727194784681e-01
9.932370968567332259e-01
9.461816690260220764e-01
8.597016723308630315e-01
7.444123964993742959e-01
6.144654270110303518e-01
4.858115592303607899e-01
3.742428622291177343e-01
2.934542260225215249e-01
2.533623343853828036e-01
2.588884068105369307e-01
3.093541262062481367e-01
3.985649013005977404e-01
5.155702434177515947e-01
6.460079225186710072e-01
7.738669093707761792e-01
8.834527053426316501e-01
9.613138185426699511e-01
9.978929142489010307e-01
9.886999633938755583e-01
9.348633868900781962e-01
8.429915436574606513e-01
7.243615644897275496e-01
5.935351011841740743e-01
4.665709056506648356e-01
3.590536422299778208e-01
2.841808935493208566e-01
2.511431770735290114e-01
2.639958228875720625e-01
3.211611880184758183e-01
4.156223097411227974e-01
5.357842272154523799e-01
6.668972455175325997e-01
7.928674385419920423e-01
8.982321542633542322e-01
9.700580320520426625e-01
9.995285532697530950e-01
9.830262556926213646e-01
9.225767715668924396e-01
8.256001842925674294e-01
7.040002243287240002e-01
5.727031041553869439e-01
4.478253481061600372e-01
3.446955132083129314e-01
2.759726318264353884e-01
2.500923344496364664e-01
2.702313887167145934e-01
3.339177559590179034e-01
4.333340302347832296e-01
5.562770131691614495e-01
6.876556382293002034e-01
8.113433764791353475e-01
9.121577437892344209e-01
9.777239279642870873e-01
9.999937783569390337e-01
9.762337042739208659e-01
9.093602191286396241e-01
8.075819427993828903e-01
6.833920058660694075e-01
5.520345365923815528e-01
4.296334670733660266e-01
3.312133447839260003e-01
2.688550919385012117e-01
2.502130904310551074e-01
2.775756179521051692e-01
3.475839653384974470e-01
4.516447130794409848e-01
5.769845606567993723e-01
7.082182300021435672e-01
8.292369852757217608e-01
9.251859560004499494e-01
9.842875501055512455e-01
9.992871356669423832e-01
9.683435360817018722e-01
8.952550317312003569e-01
7.889931267681294935e-01
6.626013104541850218e-01
5.315939884404796700e-01
4.120521127717100551e-01
3.186492691712868863e-01
2.628505164289741680e-01
2.515050676514190009e-01
2.860055596387106602e-01
3.621171088084793599e-01
4.704971367961466866e-01
5.978421579195136726e-01
7.285207620685294483e-01
8.464923468227556480e-01
9.372760773104507059e-01
9.897283869433397552e-01
9.974108334811346843e-01
9.593804081479802015e-01
8.803052885435826980e-01
7.698918268530046127e-01
6.416931096918887523e-01
5.114453370769318497e-01
3.951362275047428096e-01
3.070425495149916584e-01
2.579776697914575312e-01
2.539642286399274029e-01
2.954948699348041163e-01
3.774717698233220897e-01
4.898323869481194248e-01
6.187846242880286063e-01
7.484997883559598719e-01
8.630555375546387076e-01
9.483903256972385787e-01
9.940294356857182212e-01
9.943707353048221176e-01
9.493723305388318545e-01
8.645577079990836022e-01
7.503377352369962061e-01
6.207327423860369287e-01
4.916515476920403360e-01
3.789386739636561030e-01
2.964294571911617604e-01
2.542517798300518717e-01
2.575828884385740758e-01
3.060138944373274050e-01
3.935999645683592174e-01
5.095900402502784310e-01
6.397465138743549939e-01
7.680928737580080545e-01
8.788747969620629430e-01
9.584939687734133074e-01
9.971772554155908797e-01
9.901763415436025673e-01
9.383505788220274368e-01
8.480615017986694593e-01
7.303919590918726001e-01
5.997857103656301092e-01
4.722744765208906070e-01
3.635100700296534093e-01
2.868431584582129545e-01
2.516844900719700795e-01
2.623497386178886837e-01
3.175297608528624416e-01
4.104512919108781466e-01
5.297083533939697109e-01
6.606623200923157357e-01
7.872387892460568359e-01
8.939006893452864366e-01
9.675554323260144862e-01
9.991620090940043220e-01
9.848407598142894237e-01
9.263495963298669089e-01
8.308682211228100023e-01
7.101168296162849725e-01
5.789174737864680731e-01
4.533746775406082841e-01
3.488986305914268948e-01
2.783136108112207463e-01
2.502838233811378044e-01
2.682498826161477390e-01
3.300064817246183280e-01
4.279730909052995025e-01
5.501244559968151426e-01
6.814666803677587037e-01
8.058777032120025829e-01
9.080862583023001644e-01
9.755463989869608277e-01
9.999774943012127437e-01
9.783806639831820195e-01
9.134068865226460110e-01
8.130315955323638155e-01
6.895757072487451733e-01
5.581932465660364162e-01
4.350112132372120355e-01
3.351500168720632500e-01
2.708674693637753705e-01
2.500541568864828590e-01
2.752648822916140547e-01
3.434050668944027551e-01
4.461106053603427490e-01
5.707745470746985461e-01
7.020945803987235223e-01
8.239513684439746521e-01
9.213871734691112536e-01
9.824418967257464441e-01
9.996211626194424493e-01
9.708162420596928577e-01
8.995628957891239619e-01
7.946073650619558393e-01
6.688327836641969615e-01
5.376777925878946096e-01
4.172414700334257098e-01
3.223071937362379513e-01
2.645280035498848159e-01
2.509962083032648561e-01
2.833728155423286821e-01
3.576836453481332945e-01
4.648071549539032343e-01
5.915940944219154618e-01
7.224815573272478364e-01
8.414033041507653632e-01
9.337618690535705035e-01
9.882203768878481398e-01
9.980941275967787352e-01
9.621711331081614915e-01
8.848608870502453483e-01
7.756531060305564829e-01
6.479528811729453608e-01
5.174352233124351885e-01
4.001209789542419237e-01
3.104102954236162004e-01
2.593150244062372156e-01
2.531070336901914963e-01
2.925483448133913145e-01
3.727975960641167208e-01
4.840043123609008013e-01
6.125180362764123254e-01
7.425639011878948370e-01
8.581789724661383900e-01
9.451716737298239135e-01
9.928637815349700135e-01
9.954011612672931664e-01
9.524723533750101279e-01
8.693468045611043582e-01
7.562280511136136862e-01
6.270012501488299028e-01
4.975287974264864799e-01
3.837032420906641983e-01
2.994965001280498473e-01
2.552448226620674943e-01
2.563800366493308447e-01
3.027627962776437975e-01
3.886996874551927883e-01
5.036420858405696865e-01
6.334809846399080957e-01
7.622788540034641791e-01
8.742259488814330126e-01
9.555809314874625926e-01
9.963575998766890374e-01
9.915506792382811074e-01
9.417502118620951768e-01
8.530691303336559450e-01
7.363929042390180424e-01
6.060433651196868166e-01
4.780207231578608162e-01
3.680395654039348430e-01
2.895999138145143315e-01
2.523301178300998981e-01
2.608049889400700372e-01
3.139842494423116248e-01
4.053402249689788128e-01
5.236591067125984100e-01
6.544174296175133687e-01
7.815648059057112018e-01
8.894940860738569377e-01
9.649571130577140332e-01
9.986909136171450152e-01
9.865547143912165584e-01
9.300382156100928110e-01
8.360787326288524612e-01
7.162096508853549315e-01
5.851447201573211077e-01
4.589719638726206807e-01
3.531788983927377501e-01
2.807514636368581007e-01
2.505800184576561507e-01
2.663680624426982280e-01
3.261776369015803034e-01
4.226672063849602479e-01
5.439928211362489163e-01
6.752619441382810006e-01
8.003614876681868218e-01
9.039356706185002199e-01
9.732709175684642888e-01
9.998564310750710504e-01
9.804288792786048923e-01
9.173729649879065473e-01
8.184287069916751367e-01
6.957413643752695664e-01
5.643706242064037149e-01
4.404420475625786535e-01
3.391676811244244139e-01
2.729788012894434623e-01
2.499999936621500884e-01
2.730518723717312302e-01
3.393048539233792793e-01
4.406264843231200157e-01
5.645796855931423108e-01
6.959493884169287714e-01
8.186101590495290514e-01
9.175055720943383619e-01
9.804963641104351701e-01
9.998505099705341514e-01
9.731923173342503786e-01
9.037940393153258700e-01
8.001742103258304706e-01
6.750520087692840621e-01
5.437859969918978909e-01
4.224888808183885347e-01
3.260496991082946772e-01
2.663062165947016058e-01
2.505918560399169603e-01
2.808355316039302663e-01
3.533248775279073106e-01
4.591619354562613831e-01
5.853553654628197433e-01
7.164151135177858620e-01
8.362537923586261801e-01
9.301613841182652109e-01
9.866108729283707968e-01
9.986731688071786017e-01
9.648676430494030898e-01
8.893438731763655403e-01
7.813722885266332074e-01
6.542062389760292529e-01
5.234551661428077374e-01
4.051685678695677861e-01
3.138659464644571462e-01
2.607545615966496144e-01
2.523537560017923287e-01
2.896947159512418546e-01
