1
0.942329335437033
0.790775575555663
0.598980966971122
0.426622508071268
0.312447572673492
0.261121385851485
0.250074501084092
0.250697311125121
0.250023297973695
0.259298167700095
0.30429757960765
0.403772982164554
0.550000191298852
0.704465753182212
0.812762200131457
0.831112930022713
0.749595579670041
0.598541300603057
0.434021232301466
0.310277057814996
0.254382576209494
0.256967211642396
0.28337074449728
0.297737093365516
0.28529252879163
0.259626674834738
0.251171138795332
0.284583314304303
0.359480434493946
0.446902337404439
0.504265993112887
0.500196539829574
0.434335746872567
0.339866969096344
0.266556344107244
0.253645733657923
0.308082319713139
0.400643239787677
0.482197137217605
0.510707257005089
0.473475687055941
0.39212634960273
0.308100729747357
0.257870228207528
0.252877129904253
0.276006480456785
0.296157380637906
0.291403718916786
0.265978116989428
0.250047662765714
0.281750299264495
0.381931326180286
0.536852325089646
0.699868895353328
0.812142219508758
0.831297253008231
0.752165581419053
0.608194898163146
0.453163114887219
0.333995400146918
0.270200685254844
0.251016849088836
0.25051063981671
0.250138687564949
0.254053043834101
0.287211618696551
0.377209311793482
0.531107109721032
0.722114503205801
0.895536612784233
0.992096708193081
0.976285425393673
0.85401717153138
0.669664240166924
0.484141547473786
0.346337117014313
0.273613911373157
0.251396164364787
0.250453097087819
0.250198814390017
0.253224838500488
0.282131878668989
0.360933193604615
0.493071870283289
0.650509146935491
0.781896994611109
0.836364554500132
0.789793908508823
0.658457217425683
0.491826212646704
0.34822053556797
0.266768341459212
0.251138076000037
0.273510806998966
0.295446621593197
0.292640104567725
0.268728938326939
0.25031171354075
0.266892425359601
0.328647629789905
0.416210343228457
0.489319273312362
0.509615418250467
0.464043949425633
0.374578573619228
0.287847904861998
0.250081851609303
0.281582349449226
0.365409684965301
0.456825925358824
0.50803429137482
0.493967493474663
0.424470157497338
0.33638350198443
0.270894954212829
0.250020096689525
0.266226918996093
0.29098483712481
0.296409075557769
0.276167036863007
0.252235062776576
0.262704085837974
0.33747588732206
0.476369981332442
0.643213607572799
0.780383018657103
0.836341309365413
0.79102066166401
0.664991302020882
0.507618767166101
0.371385232625844
0.287201877487293
0.254417251186378
0.250099764440601
0.250551180928239
0.250847894645163
0.269758070557665
0.336660201493769
0.468468883411075
0.651161996370019
0.838262048980128
0.968797969628168
0.995664741574095
0.908820426308564
0.740319921213142
0.548346539366996
0.389227511830348
0.292983309523992
0.255456438666042
0.250053204181971
0.250597481815687
0.250580739950908
0.26682555696019
0.325527468966337
0.439759289636138
0.593081492169286
0.740510793115046
0.827740034741572
0.818357855425388
0.71358151191804
0.552899140163639
0.394812232242546
0.288248144508806
0.250478654001134
0.263441551733029
0.289565563538794
0.296934735517307
0.278532097256312
0.254316774352564
0.255529340269433
0.301473119058595
0.383575604397826
0.46707531285754
0.509895645685315
0.487647774107268
0.409657600159339
0.315930831881632
0.256131531380963
0.262341094765133
0.331217852426721
0.425861339214026
0.496302712477832
0.506795616852368
0.4542947987609
0.367879099768116
0.290172903532531
0.252322682529625
0.257579209344227
0.283010081138667
0.297697032326729
0.285692666519105
0.259086935270825
0.252534775997003
0.301936337332443
0.41983494327331
0.582544001298792
0.737480926081156
0.827474513717437
0.818828805162044
0.717584040238153
0.565118088922615
0.416038709377469
0.311280903328677
0.261614287315118
0.250123317382263
0.250690279547115
0.250006268032183
0.258823550001098
0.305078007798949
0.412947856218198
0.580950305149907
0.773312318832208
0.931308313912415
0.999463155033994
0.952478689230011
0.807871625324683
0.617203873392257
0.440849042037691
0.320405340465518
0.263786741837662
0.25023480598107
0.250672625250751
0.250000810075397
0.257309436030113
0.297826533849804
0.391953586765414
0.534969645316069
0.690923144803573
0.805858011519171
0.833819134351038
0.761063012980683
0.614418859719378
0.448596954733481
0.319258569053322
0.25677759815472
0.255062816639698
0.280923006646327
0.297512370262996
0.287442079121457
0.261833898779741
0.250417254092501
0.279390872159569
0.351205865765463
0.439230117646053
0.501157785328439
0.503506431633509
0.442538895282926
0.348715167272542
0.271341883763356
0.251795961062682
0.300593357097334
0.391523883955719
0.4762447645147
0.510898754697636
0.479462619498749
0.400657201450522
0.31505333465791
0.260642019721067
0.251702266491228
0.273446517154839
0.29513423748502
0.29303433461466
0.268593507932768
0.250059656823662
0.275897364288099
0.369570286960968
0.520888410957685
0.685685885307131
0.805057637767647
0.833937863146052
0.763219971374365
0.62321446003422
0.466912482806736
0.342986827886016
0.273989933640896
0.251614970680787
0.250406221880006
0.250245517327917
0.252910664932634
0.281968493536235
0.365794255371729
0.51422477025231
0.703754581067586
0.881541299448371
0.987482952000821
0.982782846969698
0.869199780371216
0.688165892849562
0.500269783347106
0.356626223342362
0.277936444693978
0.252128747306502
0.25034201946685
0.250310832728487
0.252264225912104
0.277528026794623
0.3509873329364
0.478772019217073
0.635792171760361
0.772058867680309
0.835444951367541
0.798414339059103
0.673375783593327
0.507505511339156
0.359553890087428
0.27145103596729
0.2503918789978
0.27083891243685
0.294238337744511
0.294086441821173
0.271278066108661
0.250934422330577
0.263321051691639
0.321161432383333
0.407818934719419
0.484174799506996
0.510574703027426
0.470846460602797
0.383772347203231
0.294575558265825
0.25073603860885
0.275810701185667
0.356311571931295
0.449227155817875
0.505836747845536
0.498094494176577
0.432559129356431
0.344338735103248
0.275323594229799
0.250079711838855
0.26380139770682
0.289137748739694
0.297117083819889
0.278776686192837
0.253648407639808
0.259243433369284
0.327338106594745
0.461183007845781
0.62769782251096
0.77021509651454
0.835372841699864
0.799394077879156
0.679188803510581
0.522373831295346
0.382331931787167
0.292752980964713
0.255866546230859
0.250028104691215
0.25062825443597
0.250458359137507
0.266344485497888
0.32759307507333
0.45328105868395
0.632711397177996
0.821986316804898
0.960346726485775
0.998174436739111
0.921347634899644
0.758315586651209
0.565903436915634
0.401839897669598
0.299302045776716
0.257148602800358
0.250004960356733
0.250659962300304
0.250283253926042
0.263843466301616
0.317583817865278
0.426730979517036
0.577922805901088
0.728299377086574
0.823282106641172
0.82368318239592
0.72677515792836
0.568977183840906
0.408183014102414
0.295394366752659
0.251382359606721
0.261018722761986
0.287537977827509
0.297457816455157
0.280996110734843
0.255995249034563
0.253614235031866
0.295192737323723
0.375043573413946
0.460294210847403
0.508470488638306
0.492571279993809
0.418522276228039
0.324099195395521
0.259240690469646
0.258717587483147
0.322811401519374
0.417157278990135
0.491842228922305
0.508731689764583
0.461370851697812
0.376365744174716
0.296144413398461
0.253883984770584
0.255720013671454
0.280618586110717
0.297393536691119
0.287864468908291
0.261386078477076
0.251209868428978
0.294242056817363
0.406075831104346
0.566480490991872
0.724762270291147
0.822915371283271
0.824032714741494
0.730230380916164
0.580277829383706
0.428728378341109
0.318783044356328
0.264281660753411
0.250321277440607
0.250652069550049
0.250009315412589
0.25686576422705
0.298284242155888
0.399842801555526
0.563157876283588
0.75553703719315
0.919453666136922
0.997854522574924
0.961721176677999
0.824545787136972
0.635571128906207
0.455606675856854
0.328961289166788
0.266846591669249
0.250509442725792
0.250617924303976
0.250036803775319
0.255623625345897
0.29185885002531
0.380600124553442
0.520070493668721
0.677004751416578
0.798144350893134
0.835585221690567
0.771842292894945
0.630122967132582
0.463521920520422
0.328871957006529
0.259741924560161
0.253409590734078
0.278375694714522
0.297024099347021
0.289436416449483
0.26417185051115
0.250046659162591
0.274608204795918
0.343090255647594
0.431315773980113
0.497488737381668
0.506218124105572
0.450430676744675
0.357717928782387
0.276673372238075
0.25059163935001
0.293501865387085
0.382344869389602
0.469818692330821
0.510466649543081
0.485005158786716
0.409129076836727
0.32230641777248
0.263847244630781
0.250816870071857
0.27088030191997
0.293876174511325
0.29444167423556
0.271253571944527
0.250483384642732
0.270682781188327
0.357756148748372
0.505057960661543
0.671082513699338
0.797128783205572
0.835649396321724
0.773631975050316
0.63809095694821
0.480974928400752
0.352498241289352
0.278213041370996
0.252399204115953
0.250293115905906
0.250359735589828
0.252001839296582
0.277233640299233
0.354988263218643
0.497736616566264
0.685294954825779
0.866881680153251
0.981839759458985
0.988267392727887
0.883759413055382
0.706613605277514
0.516821477411308
0.367527064037377
0.282748828336913
0.253072057566898
0.250228113792927
0.250423255266555
0.251510497674904
0.27337352822542
0.341556326019443
0.464755964751334
0.620890210042398
0.761544432135937
0.83358846477416
0.806213835351886
0.687917210802682
0.52335995217054
0.371454607441245
0.27676419606811
0.250029984004315
0.268183582132081
0.292795391552502
0.295308830612099
0.273845181310158
0.251866332904518
0.260183194519641
0.313953313804857
0.399335324516087
0.478561296916648
0.510909865602739
0.477200913701624
0.392945090333886
0.301731182837841
0.252041078296963
0.270562283520383
0.347329861683548
0.441284458039181
0.50303134901988
0.501677721957505
0.440438375561929
0.352481260389285
0.280170617431665
0.250508797045491
0.261481827496667
0.287117911345276
0.297564614357491
0.281310330470568
0.25534297909032
0.256368867075795
0.31782212608117
0.446309546058278
0.611963256803028
0.759326366462626
0.833460390701772
0.806983996393476
0.693052054703069
0.537296211174577
0.393758920589905
0.298798154583048
0.257597774201285
0.250000002232507
0.250678496457847
0.250202991909432
0.263347639692695
0.319130570471407
0.438604413315755
0.614363344767583
0.805243081078401
0.950961222937386
0.999616909680049
0.933075433688222
0.776046046329354
0.583735795013499
0.415034442538607
0.306184319831605
0.259157379099432
0.250011681744749
0.250693456058066
0.250101892021871
0.261232174335148
0.310162573610819
0.414105564828927
0.562766524904653
0.715576667841628
0.817942707195528
0.828100242052704
0.739402939343475
0.585033908647273
0.422010834771362
0.303189272093253
0.252786785715423
0.258745089960606
0.285341351439432
0.297720595433617
0.28337229313902
0.257885524339525
0.252117263036425
0.289279433983089
