23199.356913183277
25536.344947551523
27873.464762005162
30297.032312476935
32720.468082863314
34711.00627273206
36354.43571767434
34621.52759474988
32629.6716040272
30897.68594170049
28906.093511148592
26914.369300511302
24922.645089874015
22757.63006694428
20592.61504401455
18341.020504981287
16089.425965948027
14097.701755310736
12019.398028569922
10027.410257761843
7862.527014917505
5870.671024194824
3878.683253386749
2059.590954614934
932.4758842443771
843.3925465183711
1273.7863054135232
2050.6299088081796
2914.0530283063636
4037.7418164566916
4988.139792314585
6025.380844446787
6889.067524115751
7753.149544040905
8616.57266353909
8786.964313952878
8178.535659691108
7397.343313478465
6616.546307522003
6181.935585894258
6439.038532496976
7389.436508354855
8166.543671920299
9116.809867692798
10066.680723209105
10929.840282536501
10753.518528280005
10058.378577829317
9190.211375256971
8149.2804807337525
6849.006378156126
5548.7322755785135
3988.8514047757053
2775.2885983870146
1734.6212640345839
866.8494017184203
258.42074745665013
82.62611354172259
