0.02830285072034311
0.09236742617758242
0.2039780661421613
0.4108170702632741
0.5857770511903544
0.7924798201696133
0.935765130615442
0.9998297060726813
0.9844691938285486
0.9533054051292531
0.8744933755662272
0.7956813460032022
0.7010319811995505
0.6063826163958996
0.4958618575661591
0.417117945574061
0.338305916011036
0.2911685569292608
0.22822792139232373
0.18126085623786636
0.15019924389496264
0.1031300023841153
0.08780354892544473
0.07261333060863073
0.07322638874697684
0.0419944824767553
0.05837675828479938
