0.000000000000000000e+00
1.202404809619238452e-08
2.404809619238476905e-08
3.607214428857715026e-08
4.809619238476953810e-08
6.012024048096192593e-08
7.214428857715430053e-08
8.416833667334668836e-08
9.619238476953907619e-08
1.082164328657314640e-07
1.202404809619238519e-07
1.322645290581162397e-07
1.442885771543086011e-07
1.563126252505009889e-07
1.683366733466933767e-07
1.803607214428857645e-07
1.923847695390781524e-07
2.044088176352705402e-07
2.164328657314629280e-07
2.284569138276553159e-07
2.404809619238477037e-07
2.525050100200400915e-07
2.645290581162324794e-07
2.765531062124248672e-07
2.885771543086172021e-07
3.006012024048095899e-07
3.126252505010019778e-07
3.246492985971943656e-07
3.366733466933867534e-07
3.486973947895791413e-07
3.607214428857715291e-07
3.727454909819639169e-07
3.847695390781563048e-07
3.967935871743486926e-07
4.088176352705410804e-07
4.208416833667334683e-07
4.328657314629258561e-07
4.448897795591182439e-07
4.569138276553106318e-07
4.689378757515030196e-07
4.809619238476954074e-07
4.929859719438877953e-07
5.050100200400801831e-07
5.170340681362725709e-07
5.290581162324649588e-07
5.410821643286573466e-07
5.531062124248497344e-07
5.651302605210421222e-07
5.771543086172344042e-07
5.891783567134267920e-07
6.012024048096191799e-07
6.132264529058115677e-07
6.252505010020039555e-07
6.372745490981963434e-07
6.492985971943887312e-07
6.613226452905811190e-07
6.733466933867735069e-07
6.853707414829658947e-07
6.973947895791582825e-07
7.094188376753506704e-07
7.214428857715430582e-07
7.334669338677354460e-07
7.454909819639278339e-07
7.575150300601202217e-07
7.695390781563126095e-07
7.815631262525049974e-07
7.935871743486973852e-07
8.056112224448897730e-07
8.176352705410821609e-07
8.296593186372745487e-07
8.416833667334669365e-07
8.537074148296593244e-07
8.657314629258517122e-07
8.777555110220441000e-07
8.897795591182364878e-07
9.018036072144288757e-07
9.138276553106212635e-07
9.258517034068136513e-07
9.378757515030060392e-07
9.498997995991984270e-07
9.619238476953908148e-07
9.739478957915830968e-07
9.859719438877755905e-07
9.979959919839678725e-07
1.010020040080160366e-06
1.022044088176352648e-06
1.034068136272545142e-06
1.046092184368737424e-06
1.058116232464929918e-06
1.070140280561122199e-06
1.082164328657314693e-06
1.094188376753506975e-06
1.106212424849699469e-06
1.118236472945891751e-06
1.130260521042084244e-06
1.142284569138276526e-06
1.154308617234468808e-06
1.166332665330661302e-06
1.178356713426853584e-06
1.190380761523046078e-06
1.202404809619238360e-06
1.214428857715430853e-06
1.226452905811623135e-06
1.238476953907815629e-06
1.250501002004007911e-06
1.262525050100200405e-06
1.274549098196392687e-06
1.286573146292585180e-06
1.298597194388777462e-06
1.310621242484969956e-06
1.322645290581162238e-06
1.334669338677354732e-06
1.346693386773547014e-06
1.358717434869739507e-06
1.370741482965931789e-06
1.382765531062124283e-06
1.394789579158316565e-06
1.406813627254509059e-06
1.418837675350701341e-06
1.430861723446893834e-06
1.442885771543086116e-06
1.454909819639278610e-06
1.466933867735470892e-06
1.478957915831663386e-06
1.490981963927855668e-06
1.503006012024048161e-06
1.515030060120240443e-06
1.527054108216432937e-06
1.539078156312625219e-06
1.551102204408817501e-06
1.563126252505009995e-06
1.575150300601202277e-06
1.587174348697394770e-06
1.599198396793587052e-06
1.611222444889779546e-06
1.623246492985971828e-06
1.635270541082164322e-06
1.647294589178356604e-06
1.659318637274549097e-06
1.671342685370741379e-06
1.683366733466933873e-06
1.695390781563126155e-06
1.707414829659318649e-06
1.719438877755510931e-06
1.731462925851703424e-06
1.743486973947895706e-06
1.755511022044088200e-06
1.767535070140280482e-06
1.779559118236472976e-06
1.791583166332665258e-06
1.803607214428857751e-06
1.815631262525050033e-06
1.827655310621242527e-06
1.839679358717434809e-06
1.851703406813627303e-06
1.863727454909819585e-06
1.875751503006012078e-06
1.887775551102204360e-06
1.899799599198396854e-06
1.911823647294589136e-06
1.923847695390781630e-06
1.935871743486973700e-06
1.947895791583166194e-06
1.959919839679358687e-06
1.971943887775551181e-06
1.983967935871743251e-06
1.995991983967935745e-06
2.008016032064128239e-06
2.020040080160320732e-06
2.032064128256512803e-06
2.044088176352705296e-06
2.056112224448897790e-06
2.068136272545090284e-06
2.080160320641282354e-06
2.092184368737474848e-06
2.104208416833667341e-06
2.116232464929859835e-06
2.128256513026051905e-06
2.140280561122244399e-06
2.152304609218436893e-06
2.164328657314629386e-06
2.176352705410821457e-06
2.188376753507013950e-06
2.200400801603206444e-06
2.212424849699398938e-06
2.224448897795591008e-06
2.236472945891783502e-06
2.248496993987975995e-06
2.260521042084168489e-06
2.272545090180360559e-06
2.284569138276553053e-06
2.296593186372745547e-06
2.308617234468937617e-06
2.320641282565130111e-06
2.332665330661322604e-06
2.344689378757515098e-06
2.356713426853707168e-06
2.368737474949899662e-06
2.380761523046092156e-06
2.392785571142284649e-06
2.404809619238476719e-06
2.416833667334669213e-06
2.428857715430861707e-06
2.440881763527054201e-06
2.452905811623246271e-06
2.464929859719438765e-06
2.476953907815631258e-06
2.488977955911823752e-06
2.501002004008015822e-06
2.513026052104208316e-06
2.525050100200400810e-06
2.537074148296593303e-06
2.549098196392785373e-06
2.561122244488977867e-06
2.573146292585170361e-06
2.585170340681362855e-06
2.597194388777554925e-06
2.609218436873747419e-06
2.621242484969939912e-06
2.633266533066132406e-06
2.645290581162324476e-06
2.657314629258516970e-06
2.669338677354709464e-06
2.681362725450901957e-06
2.693386773547094027e-06
2.705410821643286521e-06
2.717434869739479015e-06
2.729458917835671085e-06
2.741482965931863579e-06
2.753507014028056072e-06
2.765531062124248566e-06
2.777555110220440636e-06
2.789579158316633130e-06
2.801603206412825624e-06
2.813627254509018118e-06
2.825651302605210188e-06
2.837675350701402681e-06
2.849699398797595175e-06
2.861723446893787669e-06
2.873747494989979739e-06
2.885771543086172233e-06
2.897795591182364726e-06
2.909819639278557220e-06
2.921843687374749290e-06
2.933867735470941784e-06
2.945891783567134278e-06
2.957915831663326772e-06
2.969939879759518842e-06
2.981963927855711335e-06
2.993987975951903829e-06
3.006012024048096323e-06
3.018036072144288393e-06
3.030060120240480887e-06
3.042084168336673380e-06
3.054108216432865874e-06
3.066132264529057944e-06
3.078156312625250438e-06
3.090180360721442932e-06
3.102204408817635002e-06
3.114228456913827496e-06
3.126252505010019989e-06
3.138276553106212483e-06
3.150300601202404553e-06
3.162324649298597047e-06
3.174348697394789541e-06
3.186372745490982034e-06
3.198396793587174105e-06
3.210420841683366598e-06
3.222444889779559092e-06
3.234468937875751586e-06
3.246492985971943656e-06
3.258517034068136150e-06
3.270541082164328643e-06
3.282565130260521137e-06
3.294589178356713207e-06
3.306613226452905701e-06
3.318637274549098195e-06
3.330661322645290688e-06
3.342685370741482759e-06
3.354709418837675252e-06
3.366733466933867746e-06
3.378757515030060240e-06
3.390781563126252310e-06
3.402805611222444804e-06
3.414829659318637297e-06
3.426853707414829791e-06
3.438877755511021861e-06
3.450901803607214355e-06
3.462925851703406849e-06
3.474949899799598919e-06
3.486973947895791413e-06
3.498997995991983906e-06
3.511022044088176400e-06
3.523046092184368470e-06
3.535070140280560964e-06
3.547094188376753458e-06
3.559118236472945951e-06
3.571142284569138022e-06
3.583166332665330515e-06
3.595190380761523009e-06
3.607214428857715503e-06
3.619238476953907573e-06
3.631262525050100067e-06
3.643286573146292560e-06
3.655310621242485054e-06
3.667334669338677124e-06
3.679358717434869618e-06
3.691382765531062112e-06
3.703406813627254605e-06
3.715430861723446676e-06
3.727454909819639169e-06
3.739478957915831663e-06
3.751503006012024157e-06
3.763527054108216227e-06
3.775551102204408721e-06
3.787575150300601214e-06
3.799599198396793708e-06
3.811623246492985778e-06
3.823647294589178272e-06
3.835671342685370766e-06
3.847695390781563259e-06
3.859719438877755753e-06
3.871743486973947400e-06
3.883767535070139893e-06
3.895791583166332387e-06
3.907815631262524881e-06
3.919839679358717375e-06
3.931863727454909868e-06
3.943887775551102362e-06
3.955911823647294856e-06
3.967935871743486502e-06
3.979959919839678996e-06
3.991983967935871490e-06
4.004008016032063984e-06
4.016032064128256477e-06
4.028056112224448971e-06
4.040080160320641465e-06
4.052104208416833958e-06
4.064128256513025605e-06
4.076152304609218099e-06
4.088176352705410593e-06
4.100200400801603086e-06
4.112224448897795580e-06
4.124248496993988074e-06
4.136272545090180567e-06
4.148296593186373061e-06
4.160320641282564708e-06
4.172344689378757201e-06
4.184368737474949695e-06
4.196392785571142189e-06
4.208416833667334683e-06
4.220440881763527176e-06
4.232464929859719670e-06
4.244488977955911317e-06
4.256513026052103810e-06
4.268537074148296304e-06
4.280561122244488798e-06
4.292585170340681292e-06
4.304609218436873785e-06
4.316633266533066279e-06
4.328657314629258773e-06
4.340681362725450419e-06
4.352705410821642913e-06
4.364729458917835407e-06
4.376753507014027900e-06
4.388777555110220394e-06
4.400801603206412888e-06
4.412825651302605382e-06
4.424849699398797875e-06
4.436873747494989522e-06
4.448897795591182016e-06
4.460921843687374509e-06
4.472945891783567003e-06
4.484969939879759497e-06
4.496993987975951991e-06
4.509018036072144484e-06
4.521042084168336978e-06
4.533066132264528625e-06
4.545090180360721118e-06
4.557114228456913612e-06
4.569138276553106106e-06
4.581162324649298600e-06
4.593186372745491093e-06
4.605210420841683587e-06
4.617234468937875234e-06
4.629258517034067727e-06
4.641282565130260221e-06
4.653306613226452715e-06
4.665330661322645208e-06
4.677354709418837702e-06
4.689378757515030196e-06
4.701402805611222690e-06
4.713426853707414336e-06
4.725450901803606830e-06
4.737474949899799324e-06
4.749498997995991817e-06
4.761523046092184311e-06
4.773547094188376805e-06
4.785571142284569299e-06
4.797595190380761792e-06
4.809619238476953439e-06
4.821643286573145933e-06
4.833667334669338426e-06
4.845691382765530920e-06
4.857715430861723414e-06
4.869739478957915908e-06
4.881763527054108401e-06
4.893787575150300895e-06
4.905811623246492542e-06
4.917835671342685035e-06
4.929859719438877529e-06
4.941883767535070023e-06
4.953907815631262516e-06
4.965931863727455010e-06
4.977955911823647504e-06
4.989979959919839998e-06
5.002004008016031644e-06
5.014028056112224138e-06
5.026052104208416632e-06
5.038076152304609125e-06
5.050100200400801619e-06
5.062124248496994113e-06
5.074148296593186607e-06
5.086172344689378253e-06
5.098196392785570747e-06
5.110220440881763241e-06
5.122244488977955734e-06
5.134268537074148228e-06
5.146292585170340722e-06
5.158316633266533215e-06
5.170340681362725709e-06
5.182364729458917356e-06
5.194388777555109850e-06
5.206412825651302343e-06
5.218436873747494837e-06
5.230460921843687331e-06
5.242484969939879824e-06
5.254509018036072318e-06
5.266533066132264812e-06
5.278557114228456459e-06
5.290581162324648952e-06
5.302605210420841446e-06
5.314629258517033940e-06
5.326653306613226433e-06
5.338677354709418927e-06
5.350701402805611421e-06
5.362725450901803915e-06
5.374749498997995561e-06
5.386773547094188055e-06
5.398797595190380549e-06
5.410821643286573042e-06
5.422845691382765536e-06
5.434869739478958030e-06
5.446893787575150523e-06
5.458917835671342170e-06
5.470941883767534664e-06
5.482965931863727158e-06
5.494989979959919651e-06
5.507014028056112145e-06
5.519038076152304639e-06
5.531062124248497132e-06
5.543086172344689626e-06
5.555110220440881273e-06
5.567134268537073767e-06
5.579158316633266260e-06
5.591182364729458754e-06
5.603206412825651248e-06
5.615230460921843741e-06
5.627254509018036235e-06
5.639278557114228729e-06
5.651302605210420375e-06
5.663326653306612869e-06
5.675350701402805363e-06
5.687374749498997857e-06
5.699398797595190350e-06
5.711422845691382844e-06
5.723446893787575338e-06
5.735470941883767831e-06
5.747494989979959478e-06
5.759519038076151972e-06
5.771543086172344466e-06
5.783567134268536959e-06
5.795591182364729453e-06
5.807615230460921947e-06
5.819639278557114440e-06
5.831663326653306087e-06
5.843687374749498581e-06
5.855711422845691074e-06
5.867735470941883568e-06
5.879759519038076062e-06
5.891783567134268556e-06
5.903807615230461049e-06
5.915831663326653543e-06
5.927855711422845190e-06
5.939879759519037683e-06
5.951903807615230177e-06
5.963927855711422671e-06
5.975951903807615165e-06
5.987975951903807658e-06
6.000000000000000152e-06
