0.000000000000000000e+00
7.931035786290507872e-05
2.974843284932471299e-04
5.717272587211774670e-04
8.628585137164246355e-04
1.151900273639122618e-03
1.429407686813530254e-03
1.691279275531129556e-03
1.936445156736008033e-03
2.165468314800619853e-03
2.379699469451532212e-03
2.580781103811630173e-03
2.770370359393523052e-03
2.949996545066307929e-03
3.120999161047910420e-03
3.284512162062880325e-03
3.441473130423422511e-03
3.592644402233974299e-03
3.738638536840949156e-03
3.879943880451000582e-03
4.016948043802939794e-03
4.149958351903876297e-03
4.279219035089390499e-03
4.404925313781615781e-03
4.527234712931413330e-03
4.646276008463859353e-03
4.762156208827986181e-03
4.874965941864581320e-03
4.984783569751363719e-03
5.091678303757035673e-03
5.195712541862629319e-03
5.296943608848816987e-03
5.395425041237550401e-03
5.491207528537211946e-03
5.584339597074772232e-03
5.674868102572741546e-03
5.762838581755649892e-03
5.848295500897340848e-03
5.931282429672515843e-03
6.011842161370128945e-03
6.090016794986816140e-03
6.165847790545700424e-03
6.239376005867922070e-03
6.310641720710358227e-03
6.379684652477277118e-03
6.446543966467307984e-03
6.511258282711887557e-03
6.573865680809795609e-03
6.634403703698513177e-03
6.692909360975468624e-03
6.749419132153502976e-03
6.803968970079302125e-03
6.856594304636629000e-03
6.907330046788284772e-03
6.956210592964792716e-03
7.003269829783193012e-03
7.048541139062378114e-03
7.092057403095625157e-03
7.133851010138525517e-03
7.173953860071261013e-03
7.212397370197569380e-03
7.249212481146072307e-03
7.284429662843962261e-03
7.318078920536839893e-03
7.350189800832906961e-03
7.380791397752523020e-03
7.409912358768082352e-03
7.437580890820937041e-03
7.463824766305318659e-03
7.488671329010800071e-03
7.512147500016587431e-03
7.534279783532063512e-03
7.555094272679828415e-03
7.574616655217789041e-03
7.592872219197875638e-03
7.609885858559949090e-03
7.625682078659060115e-03
7.640285001725935499e-03
7.653718372259629699e-03
7.666005562352598557e-03
7.677169576947737162e-03
7.687233059028034110e-03
7.696218294738939314e-03
7.704147218443757605e-03
7.711041417712782842e-03
7.716922138246790075e-03
7.721810288735156402e-03
7.725726445649838681e-03
7.728690857975339945e-03
7.730723451875726182e-03
7.731843835299345713e-03
7.732071302521882628e-03
7.731424838628743468e-03
7.729923123937103291e-03
7.727584538358769906e-03
7.724427165704442211e-03
7.720468797929931626e-03
7.715726939325519285e-03
7.710218810648601651e-03
7.703961353200797224e-03
7.696971232850180478e-03
7.689264843998955268e-03
7.680858313497830603e-03
7.671767504507355506e-03
7.662008020307156664e-03
7.651595208053550701e-03
7.640544162486391511e-03
7.628869729585700810e-03
7.616586510178678660e-03
7.603708863497933568e-03
7.590250910691424824e-03
7.576226538284595857e-03
7.561649401595788023e-03
7.546532928104990323e-03
7.530890320776938152e-03
7.514734561338935748e-03
7.498078413514075446e-03
7.480934426210492094e-03
7.463314936667055088e-03
7.445232073556198871e-03
7.426697760044499025e-03
7.407723716811386028e-03
7.388321465026659318e-03
7.368502329287273528e-03
7.348277440514069947e-03
7.327657738808699556e-03
7.306653976271598044e-03
7.285276719781293847e-03
7.263536353735538381e-03
7.241443082754959321e-03
7.219006934349573440e-03
7.196237761548627404e-03
7.173145245494345901e-03
7.149738897999986104e-03
7.126028064072757046e-03
7.102021924401930031e-03
7.077729497812716014e-03
7.053159643686256891e-03
7.028321064346358671e-03
7.003222307413105308e-03
6.977871768124147694e-03
6.952277691623761496e-03
6.926448175220329545e-03
6.900391170612581865e-03
6.874114486084905579e-03
6.847625788672387359e-03
6.820932606295706385e-03
6.794042329866516183e-03
6.766962215363412497e-03
6.739699385879264343e-03
6.712260833639932534e-03
6.684653421994972422e-03
6.656883887380532494e-03
6.628958841255042089e-03
6.600884772007719475e-03
6.572668046840663553e-03
6.544314913624484087e-03
6.515831502728042929e-03
6.487223828822732963e-03
6.458497792661312131e-03
6.429659182831962139e-03
6.400713677487755715e-03
6.371666846051764893e-03
6.342524150898393165e-03
6.313290949010952335e-03
6.283972493616004490e-03
6.254573935794711936e-03
6.225100326071496964e-03
6.195556615980320203e-03
6.165947659608848191e-03
6.136278215120898744e-03
6.106552946257313291e-03
6.076776423815617029e-03
6.046953127108872783e-03
6.017087445403707796e-03
5.987183679338096282e-03
5.957246042319001844e-03
5.927278661900167722e-03
5.897285581140384453e-03
5.867270759942377206e-03
5.837238076372788104e-03
5.807191327963194538e-03
5.777134232992711671e-03
5.747070431752276248e-03
5.717003487790870211e-03
5.686936889143930432e-03
5.656874049544256822e-03
5.626818309615526370e-03
5.596772938048744442e-03
5.566741132761844971e-03
5.536726022042652920e-03
5.506730665675373809e-03
5.476758056050991946e-03
5.446811119261632875e-03
5.416892716179169329e-03
5.387005643518327433e-03
5.357152634884392028e-03
5.327336361805852863e-03
5.297559434752083588e-03
5.267824404136325911e-03
5.238133761304133301e-03
5.208489939507503219e-03
5.178895314864878294e-03
5.149352207307198587e-03
5.119862881510239133e-03
5.090429547813321229e-03
5.061054363124713185e-03
5.031739431813791671e-03
5.002486806590194374e-03
4.973298489370147832e-03
4.944176432130114457e-03
4.915122537747949535e-03
4.886138660831734759e-03
4.857226608536473894e-03
4.828388141368773756e-03
4.799624973979709983e-03
4.770938775946049343e-03
4.742331172539943074e-03
4.713803745487271657e-03
4.685358033714824913e-03
4.656995534086409358e-03
4.628717702128123945e-03
4.600525952742812869e-03
4.572421660914016348e-03
4.544406162399422869e-03
4.516480754414031046e-03
4.488646696303166816e-03
4.460905210205453122e-03
4.433257481705936767e-03
4.405704660479426230e-03
4.378247860924253804e-03
4.350888162786522781e-03
4.323626611775049575e-03
4.296464220167052830e-03
4.269401967404761258e-03
4.242440800683046007e-03
4.215581635528242374e-03
4.188825356368207700e-03
4.162172817093816660e-03
4.135624841611956412e-03
4.109182224390153446e-03
4.082845730992996913e-03
4.056616098610361931e-03
4.030494036577685242e-03
4.004480226888273292e-03
3.978575324697859565e-03
3.952779958821448468e-03
3.927094732222579342e-03
3.901520222495125957e-03
3.876056982337714764e-03
3.850705540020877247e-03
3.825466399847044820e-03
3.800340042603466036e-03
3.775326926008155427e-03
3.750427485148983241e-03
3.725642132915972862e-03
3.700971260426955990e-03
3.676415237446597692e-03
3.651974412798955280e-03
3.627649114773645600e-03
3.603439651525674504e-03
3.579346311469056019e-03
3.555369363664302729e-03
3.531509058199872389e-03
3.507765626567628872e-03
3.484139282032452760e-03
3.460630219996031071e-03
3.437238618354968370e-03
3.413964637853214926e-03
3.390808422428998395e-03
3.367770099556235616e-03
3.344849780580578039e-03
3.322047561050133282e-03
3.299363521040914009e-03
3.276797725477166752e-03
3.254350224446566839e-03
3.232021053510399956e-03
3.209810234008809299e-03
3.187717773361128243e-03
3.165743665361439932e-03
3.143887890469373309e-03
3.122150416096218864e-03
3.100531196886458646e-03
3.079030174994733943e-03
3.057647280358366006e-03
3.036382430965418530e-03
3.015235533118458891e-03
2.994206481694003386e-03
2.973295160397764446e-03
2.952501442015699820e-03
2.931825188660990358e-03
2.911266252016962014e-03
2.890824473576017982e-03
2.870499684874648627e-03
2.850291707724575581e-03
2.830200354440070773e-03
2.810225428061519787e-03
2.790366722575287652e-03
2.770624023129923501e-03
2.750997106248775220e-03
2.731485740039044444e-03
2.712089684397380775e-03
2.692808691211991817e-03
2.673642504561390444e-03
2.654590860909787978e-03
2.635653489299193998e-03
2.616830111538273086e-03
2.598120442388006206e-03
2.579524189744192286e-03
2.561041054816851591e-03
2.542670732306571632e-03
2.524412910577835539e-03
2.506267271829387081e-03
2.488233492261653166e-03
2.470311242241309685e-03
2.452500186462985930e-03
2.434799984108181308e-03
2.417210289001427322e-03
2.399730749763729059e-03
2.382361009963332617e-03
2.365100708263861377e-03
2.347949478569854535e-03
2.330906950169741275e-03
2.313972747876312172e-03
2.297146492164694759e-03
2.280427799307890076e-03
2.263816281509897950e-03
2.247311547036482185e-03
2.230913200343589975e-03
2.214620842203466299e-03
2.198434069828516212e-03
2.182352476992921973e-03
2.166375654152071385e-03
2.150503188559819891e-03
2.134734664383606834e-03
2.119069662817498270e-03
2.103507762193132947e-03
2.088048538088649059e-03
2.072691563435607835e-03
2.057436408623920018e-03
2.042282641604856782e-03
2.027229827992125134e-03
2.012277531161060697e-03
1.997425312345966521e-03
1.982672730735625648e-03
1.968019343567001776e-03
1.953464706217183499e-03
1.939008372293564344e-03
1.924649893722319306e-03
1.910388820835183087e-03
1.896224702454557803e-03
1.882157085976984834e-03
1.868185517455007300e-03
1.854309541677432241e-03
1.840528702248033291e-03
1.826842541662708572e-03
1.813250601385129387e-03
1.799752421920888801e-03
1.786347542890184392e-03
1.773035503099049896e-03
1.759815840609167854e-03
1.746688092806279735e-03
1.733651796467209575e-03
1.720706487825543213e-03
1.707851702635962247e-03
1.695086976237254392e-03
1.682411843614049253e-03
1.669825839457266935e-03
1.657328498223315915e-03
1.644919354192055354e-03
1.632597941523547449e-03
1.620363794313611511e-03
1.608216446648204519e-03
1.596155432656644162e-03
1.584180286563694785e-03
1.572290542740534865e-03
1.560485735754615130e-03
1.548765400418443319e-03
1.537129071837292551e-03
1.525576285455873191e-03
1.514106577103957376e-03
1.502719483040996975e-03
1.491414539999743639e-03
1.480191285228885274e-03
1.469049256534709323e-03
1.457987992321825403e-03
1.447007031632947718e-03
1.436105914187757199e-03
1.425284180420863548e-03
1.414541371518871068e-03
1.403877029456574973e-03
1.393290697032298787e-03
1.382781917902376530e-03
1.372350236614815243e-03
1.361995198642130481e-03
1.351716350413379505e-03
1.341513239345408851e-03
1.331385413873315644e-03
1.321332423480149100e-03
1.311353818725863058e-03
1.301449151275525405e-03
1.291617973926800864e-03
1.281859840636721684e-03
1.272174306547757712e-03
1.262560928013193662e-03
1.253019262621828762e-03
1.243548869222013730e-03
1.234149307945025956e-03
1.224820140227805224e-03
1.215560928835057774e-03
1.206371237880737813e-03
1.197250632848915596e-03
1.188198680614047662e-03
1.179214949460658142e-03
1.170299009102435898e-03
1.161450430700771558e-03
1.152668786882722531e-03
1.143953651758442425e-03
1.135304600938057086e-03
1.126721211548026508e-03
1.118203062246965300e-03
1.109749733240973299e-03
1.101360806298448810e-03
1.093035864764416772e-03
1.084774493574365345e-03
1.076576279267614771e-03
1.068440810000214399e-03
1.060367675557381513e-03
1.052356467365490444e-03
1.044406778503620620e-03
1.036518203714670728e-03
1.028690339416044172e-03
1.020922783709918855e-03
1.013215136393108432e-03
1.005566998966515684e-03
9.979779746441940630e-04
9.904476683620226131e-04
9.829756867859981619e-04
9.755616383201523838e-04
9.682051331141078212e-04
9.609057830702678795e-04
9.536632018506609621e-04
9.464770048834326727e-04
9.393468093690060354e-04
9.322722342858962875e-04
9.252529003962179765e-04
9.182884302508513997e-04
9.113784481943145756e-04
9.045225803693119054e-04
8.977204547209918350e-04
8.909717010009031088e-04
8.842759507706650108e-04
8.776328374053485575e-04
8.710419960965862067e-04
8.645030638554007576e-04
8.580156795147746932e-04
8.515794837319512912e-04
8.451941189904839825e-04
8.388592296020302725e-04
8.325744617079023670e-04
8.263394632803745029e-04
8.201538841237563087e-04
8.140173758752334947e-04
8.079295920054802103e-04
8.018901878190552116e-04
7.958988204545755507e-04
7.899551488846788452e-04
7.840588339157802001e-04
7.782095381876259505e-04
7.724069261726407547e-04
7.666506641750914577e-04
7.609404203300521117e-04
7.552758646021857664e-04
7.496566687843436803e-04
7.440825064959839027e-04
7.385530531814224562e-04
7.330679861079047576e-04
7.276269843635198298e-04
7.222297288549436433e-04
7.168759023050289350e-04
7.115651892502410699e-04
7.062972760379328989e-04
7.010718508234836579e-04
6.958886035672835844e-04
6.907472260315829010e-04
6.856474117772010449e-04
6.805888561601000468e-04
6.755712563278299743e-04
6.705943112158403675e-04
6.656577215436744726e-04
6.607611898110355396e-04
6.559044202937358093e-04
6.510871190395323095e-04
6.463089938638443650e-04
6.415697543453672408e-04
6.368691118215742209e-04
6.322067793841150375e-04
6.275824718741158546e-04
6.229959058773738671e-04
6.184467997194631039e-04
