250.07610299931474
252.2178588371725
253.94104817879924
256.0846159928311
258.6467503030942
261.19982473248643
266.25705023456857
270.40647567339624
272.0390662063149
273.258526171525 
274.05398371198146
275.268007748669 
276.4820317853566
278.11099836592695
279.73996494649725
281.36711955089345
282.99427415528965
284.20829819197724
285.42051025249066
287.4716672816404
288.68206736597966
290.3146578988983
292.36581492804805
295.25772890200835
300.25697116651736
308.20792261873385
316.16974592799534
323.72025064572244
331.2725673396236
337.15605397712295
343.4544831585051
348.91759132359914
355.6327750250382
361.092259237784 
368.6445759316852
377.43809630488636
384.9596094038269
391.2217990617258
396.2282892309314
401.66059380106475
410.03735965420907
416.3357888355912
423.0491605608561
429.76615623846925
437.73885140477574
446.1283010911392
456.1702730483369
464.10854066733435
471.62461783775234
477.8813715671288
482.8769898792894
487.8726081914501
492.4442240788572
497.023087870961 
502.44270860787515
508.70308628959987
516.2245993885404
524.592305360814 
