-0.03290197073500778
-0.06622684597817807
-0.09955172122134814
-0.13287659646451822
-0.1662014717076883
-0.19952634695085836
-0.23285122219402865
-0.2661760974371987
-0.29950097268036857
-0.33282584792353886
-0.36615072316670894
-0.399475598409879
-0.4328004736530491
-0.1994417660492258
-0.16607460035523958
-0.13270743466125334
-0.09938255941808327
-0.0660576841749132
-0.032690518480926745
0.0006766472130592671
0.034043812907045945
0.0840734162226171
0.13406072908737232
0.16747018523217472
0.20087964137697734
0.23428909752177984
0.26769855366658224
0.3177281569821535
0.35109532267613996
0.40112492599171123
0.43453438213651385
0.4513236911105475
0.48473314725535
0.5181426034001524
0.5682144971665399
0.6182863909329276
0.6516958470777301
0.6684428656009476
0.6852321745749812
0.7353040683413687
0.7687135244861711
0.8187431278017426
0.8521525839465451
0.8689418929205788
0.8690687642730274
0.869195635625476
0.8692802165271084
0.869407087879557
0.8695339592320056
0.8863232682060393
0.8697877019369029
0.8699568637401677
0.8701260255434324
0.8702951873466973
0.8704643491499622
0.8705912205024107
0.8540979446840905
0.8376046688657703
0.8210691025966339
0.8045335363274975
0.804660407679946
0.7714624037892246
0.7549268375200882
0.7383912712509517
0.7051932673602302
0.7053624291634951
0.6888268628943586
0.6389664213820521
0.6390932927345007
0.6225577264653642
0.6060644506470441
0.6061913219994927
0.5896557557303562
0.5730778990104035
0.5732470608136683
0.5733316417153007
0.5567960754461644
0.556922946798613
0.5570498181510617
0.5571766895035103
0.5406411232343737
0.5074431193436523
0.47420282500211464
0.47432969635456323
0.47445656770701183
0.45787871098705923
0.4247229975471539
0.4081874312780174
0.4083143026304661
0.3918210268121458
0.35862302292142434
0.3754123318954581
0.3422143280047366
0.32567876173560006
0.30914319546646374
0.3093123572697285
0.3094392286221772
0.3095660999746258
0.29307282415630553
0.2932419859595704
0.29341114776283517
0.2769178719445149
0.29370718091854864
0.27721390510022825
0.27734077645267696
0.2608052101835405
0.2442696439144042
0.2443965152668528
0.2445233866193014
0.22798782035016485
0.22815698215342972
0.24498858157827963
0.22849530575995936
0.2120020299416392
0.21212890129408768
0.21221348219572023
0.21234035354816871
0.1958047872790325
0.17926922100989584
0.17948067326397688
0.17964983506724175
0.1631142687981053
0.16328343060136996
0.16345259240463483
0.1636217542078997
0.14712847838957965
0.1472976401928443
0.1307620739237081
0.0975640700329865
0.14763596379937405
0.16442527277340768
0.1479319969550874
0.11473399306436582
0.11486086441681431
0.11503002622007918
0.11519918802334406
0.11536834982660893
0.11557980208068996
0.11570667343313845
0.09917110716400224
0.09934026896726711
0.0994671403197156
0.0995940116721643
0.08310073585384403
0.0832698976571089
0.06681891228960479
0.05032563647128474
