-0.31514843948236504  
-0.3121035270235982   
-0.3090586145648314   
-0.3060137021060646   
-0.3029687896472978   
-0.299923877188531    
-0.29687896472976416  
-0.29383405227099735  
-0.29078913981223053  
-0.2877442273534637   
-0.2846993148946969   
-0.2816544024359301   
-0.2786094899771633   
-0.26947475260086284  
-0.2572951027657957   
-0.24511545293072834  
-0.24816036538949515  
-0.25120527784826197  
-0.23902562801319482  
-0.22684597817812757  
-0.21466632834306032  
-0.20400913473737659  
-0.2085765034255268   
-0.18117229129662538  
-0.15376807916772406  
-0.12636386703882285  
-0.09895965490992165  
-0.0883024613042378   
-0.07612281146917033  
-0.0654656178634867   
-0.038061405734585385 
0.006089824917533404  
0.03349403704643472   
0.06089824917533604   
0.08678000507485395   
0.11266176097437175   
0.14006597310327307   
0.16899264146155768   
0.2131438721136767    
0.23902562801319438   
0.2664298401420957    
0.2770870337477793    
0.30449124587668086   
0.3486424765287994    
0.3943161634103016    
0.4399898502918038    
0.47043897487947195   
0.5161126617609739    
0.5617863486424761    
0.6059375792945949    
0.6531337224054805    
0.7140319715808168    
0.7749302207561528    
0.8358284699314891    
0.8967267191068251    
0.9424004059883275    
1.004821111393047     
1.0672418167977666    
1.1144379599086522    
1.1616341030195378    
1.2073077899010396    
1.2560263892413086    
1.3032225323521944    
1.3504186754630798    
1.3991372748033488    
1.460035523978685     
1.507231667089571     
1.5574727226592227    
1.6031464095407248    
1.6503425526516107    
1.7127632580563301    
1.7584369449378323    
1.8056330880487181    
1.8376046688657695    
1.8985029180411057    
1.9289520426287734    
1.9761481857396592    
2.021821872621161     
2.067495559502664     
2.1131692463841656    
2.160365389495051     
2.20908398883532      
2.2425780258817554    
2.288251712763257     
2.3339253996447598    
2.3658969804618106    
2.429840142095914     
2.4770362852067995    
2.5227099720883013    
2.585130677493021     
2.63384927683329      
2.678000507485409     
2.726719106825678     
2.7739152499365636    
2.821111393047449     
2.882009642222785     
2.927683329104287     
2.9733570159857896    
3.0357777213905095    
3.0966759705658458    
3.157574219741181     
3.219994925145901     
3.26414615579802      
3.32656686120274      
3.3722405480842417    
3.419436691195127     
3.4666328343060124    
3.512306521187514     
3.557980208069017     
3.605176351179902     
3.6660746003552385    
3.725450393301191     
3.787871098705911     
3.8502918041106318    
3.8959654909921335    
3.9264146155798008    
3.9720883024613034    
4.019284445572188     
4.066480588683073     
4.142603400152244     
4.20350164932758      
4.250697792438466     
4.311596041613803     
4.372494290789138     
4.4333925399644745    
4.495813245369194     
4.556711494544531     
4.603907637655415     
4.652626236995685     
4.678507992895203     
4.722659223547321     
4.785079928952041     
4.833798528292309     
4.879472215173812     
4.940370464349148     
5.001268713524484     
5.062166962699821     
5.138289774168991     
5.183963461050493     
5.231159604161379     
5.292057853336716     
5.3377315402182175    
5.38340522709972      
5.445825932504439     
5.506724181679775     
5.584369449378328     
5.646790154783048     