0.000000000000000000e+00
0.000000000000000000e+00
1.543055395804571184e-04
4.280461755444830985e-04
7.770510388458440332e-04
1.155490186164509492e-03
1.525541425137444396e-03
1.864688357476773639e-03
2.168026214091733905e-03
2.445209311137119812e-03
2.713596294459885705e-03
2.990197028844732152e-03
3.285041936685328956e-03
3.597773460953579416e-03
3.918010513838443565e-03
4.228820710808656180e-03
4.511814920487688951e-03
4.752131307081519651e-03
4.941876589733884551e-03
5.081259399886794981e-03
5.177428912028103625e-03
5.241679219241679455e-03
5.286034313759069292e-03
5.320239681759653116e-03
5.349909575696809583e-03
5.376140031105758332e-03
5.396445676865813112e-03
5.406539963770273793e-03
5.402326989534467216e-03
5.381518237080884504e-03
5.344483881053241348e-03
5.294217553464597437e-03
5.235551287822604039e-03
5.173937079145263240e-03
5.114178613519149152e-03
5.059452364602701202e-03
5.010831572129226252e-03
4.967365759155573102e-03
4.926619738382931324e-03
4.885475565906571838e-03
4.840966138639934968e-03
4.790937865791655703e-03
4.734414151159382911e-03
4.671624999924350874e-03
4.603754342013655076e-03
4.532515522467694957e-03
4.459687062298156590e-03
4.386726400760987410e-03
4.314538772663412125e-03
4.243426264400662618e-03
4.173193324373047908e-03
4.103351022337609066e-03
4.033348931378855085e-03
3.962770307623264543e-03
3.891447959962546221e-03
3.819486727829390915e-03
3.747205402575892741e-03
3.675029660509587792e-03
3.603374726640518055e-03
3.532552175835590447e-03
3.462722542098894962e-03
3.393898977804177264e-03
3.325992037628955345e-03
3.258875629147062192e-03
3.192451220571101977e-03
3.126691312361540298e-03
3.061651939132659095e-03
2.997454507006391822e-03
2.934246426518516415e-03
2.872155365122752713e-03
2.811252420590881762e-03
2.751535473223820638e-03
2.692936986973815117e-03
2.635352837752180655e-03
2.578682587092040457e-03
2.522868617103934952e-03
2.467922325814608797e-03
2.413929690418759044e-03
2.361034599884792584e-03
2.309404644588952671e-03
2.259188797113398373e-03
2.210478414547134562e-03
2.163281838273078961e-03
2.117519026239911284e-03
2.073037274746392100e-03
2.029643660347413281e-03
1.987145772342713279e-03
1.945390588008133470e-03
1.904292276720842558e-03
1.863842913535807000e-03
1.824104591119479757e-03
1.785186021508455845e-03
1.747210254669728791e-03
1.710281799740531739e-03
1.674460940002675535e-03
1.639750670274886524e-03
1.606098189028237755e-03
1.573409206528930682e-03
1.541570408656323110e-03
1.510473901350728454e-03
1.480037600456007851e-03
1.450217136859888178e-03
1.421007378257455045e-03
1.392434406147669002e-03
1.364541027534027506e-03
1.337370137046489660e-03
1.310950273463618032e-03
1.285286657086492923e-03
1.260359235724095583e-03
1.236127328729463848e-03
1.212538851709465959e-03
1.189541200031896118e-03
1.167090817015825621e-03
1.145159187091904229e-03
1.123734201533221899e-03
1.102817174451597992e-03
1.082416879762515549e-03
1.062542579077008220e-03
1.043198018009339201e-03
1.024377853117264259e-03
1.006067132503174477e-03
9.882435518042687050e-04
9.708814920245112390e-04
9.539564864794458643e-04
9.374488161131289132e-04
9.213453337664212484e-04
9.056392193552698089e-04
8.903279822570775437e-04
8.754104846384613836e-04
8.608839510714227927e-04
8.467418312713137496e-04
8.329730517705469239e-04
8.195627445126696387e-04
8.064941116755486306e-04
7.937507937829657578e-04
7.813190203674880152e-04
7.691889443894872613e-04
7.573548401975660482e-04
7.458141888058156255e-04
7.345659828407180569e-04
7.236087746064212567e-04
7.129390219547948604e-04
7.025501629854824515e-04
6.924326189580165547e-04
6.825746573546620510e-04
6.729638195160925207e-04
6.635884878957165611e-04
6.544391636040813864e-04
6.455091361223797009e-04
6.367944143531589773e-04
6.282929948769888640e-04
6.200037124834967273e-04
6.119250080433014105e-04
6.040539421557911126e-04
5.963856903259401321e-04
5.889136085143187316e-04
5.816298006343645355e-04
5.745259943200631270e-04
5.675944682278499798e-04
5.608287842375769827e-04
5.542241516893753328e-04
5.477773630271354222e-04
5.414863577138939732e-04
5.353495627293813897e-04
5.293652018464323206e-04
5.235307552068357850e-04
5.178426936720548213e-04
5.122965283802516367e-04
5.068871297364552220e-04
5.016092044258790850e-04
4.964577891790611375e-04
4.914286302296622111e-04
4.865183608407930294e-04
4.817244513012353124e-04
4.770449680645549861e-04
4.724782249346803908e-04
4.680224287771928005e-04
4.636754128418685283e-04
4.594345178160486043e-04
4.552966354053333831e-04
4.512583847772200230e-04
4.473163602606300415e-04
4.434673764532881535e-04
4.397086454759335794e-04
4.360378460948055590e-04
4.324530774943990963e-04
4.289527219395461444e-04
4.255352622708485910e-04
4.221991073755093637e-04
4.189424710363542914e-04
4.157633305396091217e-04
4.126594673357075749e-04
4.096285698680368625e-04
4.066683641119617221e-04
4.037767335310915584e-04
4.009517969609799337e-04
3.981919274598233471e-04
3.954957127345615220e-04
3.928618734053701544e-04
3.902891650012785263e-04
3.877762913707671899e-04
3.853218513225620256e-04
3.829243292303718960e-04
3.805821274619480832e-04
3.782936275124049175e-04
3.760572603257461566e-04
3.738715657838342921e-04
3.717352262146977893e-04
3.696470672475138386e-04
3.676060287354232514e-04
3.656111162155806227e-04
3.636613475542782581e-04
3.617557092886469761e-04
3.598931331517674082e-04
3.580724968946791265e-04
3.562926465980886803e-04
3.545524322682291896e-04
3.528507457483121001e-04
3.511865504648437053e-04
3.495588957269646357e-04
3.479669131211116095e-04
3.464097975584001787e-04
3.448867793429677420e-04
3.433970953984344376e-04
3.419399672075495999e-04
3.405145904856743400e-04
3.391201380191777304e-04
3.377557734588476634e-04
3.364206711945483264e-04
3.351140363063720429e-04
3.338351191968236265e-04
3.325832214369217610e-04
3.313576920610517007e-04
3.301579161384404770e-04
3.289832993151886598e-04
3.278332527105742855e-04
3.267071820225453394e-04
3.256044831749793644e-04
3.245245448959543921e-04
3.234667567230120611e-04
3.224305196719567945e-04
3.214152563749683722e-04
3.204204179713121547e-04
3.194454861800144485e-04
3.184899704151700206e-04
3.175534011445879656e-04
3.166353215549033706e-04
3.157352798323076470e-04
3.148528239595993483e-04
3.139875000750524947e-04
3.131388543805568858e-04
3.123064376535644726e-04
3.114898108279584577e-04
3.106885499799538763e-04
3.099022493960879032e-04
3.091305220433993028e-04
3.083729975286164660e-04
3.076293182822098515e-04
3.068991351200534012e-04
3.061821033586431540e-04
3.054778804032487471e-04
3.047861252555295053e-04
3.041064998025033717e-04
3.034386713187675610e-04
3.027823153355369001e-04
3.021371180318421779e-04
3.015027775042922187e-04
3.008790036569397586e-04
3.002655168306000988e-04
2.996620456291454460e-04
2.990683245531755574e-04
2.984840920532416675e-04
2.979090894379421428e-04
2.973430607947635806e-04
2.967857538043183752e-04
2.962369211008120118e-04
2.956963217277674971e-04
2.951637222469161159e-04
2.946388972183688892e-04
2.941216289429338104e-04
2.936117065860388564e-04
2.931089249416096720e-04
2.926130831757411954e-04
2.921239838448164150e-04
2.916414324022342797e-04
2.911652372359352370e-04
2.906952101495718921e-04
2.902311670829327284e-04
2.897729288242612000e-04
2.893203215126316508e-04
2.888731767755059465e-04
2.884313314931441496e-04
2.879946272503763893e-04
2.875629096444898281e-04
2.871360276130996425e-04
2.867138329378793316e-04
2.862961800188523753e-04
2.858829259235751152e-04
2.854739306517029007e-04
2.850690574989211967e-04
2.846681733971179185e-04
2.842711491214400255e-04
2.838778592965107705e-04
2.834881822152413022e-04
2.831019995070960249e-04
2.827191957476271611e-04
2.823396581017600937e-04
2.819632760646673120e-04
2.815899413599609602e-04
2.812195479664492126e-04
2.808519922586905082e-04
2.804871731822977665e-04
2.801249923987114698e-04
2.797653543608058513e-04
2.794081662771397134e-04
2.790533379807280667e-04
2.787007817308673197e-04
2.783504119910906738e-04
2.780021452355452283e-04
2.776558998153211277e-04
2.773115959011640541e-04
2.769691555033482189e-04
2.766285025297410272e-04
2.762895628670714032e-04
2.759522644356637855e-04
2.756165372038710260e-04
2.752823131445536475e-04
2.749495261460399576e-04
2.746181118895574258e-04
2.742880077254428173e-04
2.739591525603435329e-04
2.736314867888278712e-04
2.733049522567476686e-04
2.729794922680106595e-04
2.726550516072290264e-04
2.723315765679190648e-04
2.720090149704867954e-04
2.716873161481281329e-04
2.713664309118568596e-04
2.710463114892203151e-04
2.707269114475829852e-04
2.704081856214068935e-04
2.700900900486358225e-04
2.697725819281737714e-04
2.694556195982356073e-04
2.691391625320171954e-04
2.688231713434685588e-04
2.685076077938441941e-04
2.681924347869291125e-04
2.678776163541618516e-04
2.675631176234372077e-04
2.672489047773618509e-04
2.669349450072910912e-04
2.666212064665884895e-04
2.663076582319900965e-04
2.659942702785134117e-04
2.656810134632481279e-04
2.653678595162523024e-04
2.650547810368886203e-04
2.647417514923811055e-04
2.644287452063798227e-04
2.641157373438618450e-04
2.638027038859291906e-04
2.634896216033855154e-04
2.631764680252057786e-04
2.628632214092263553e-04
2.625498607188303524e-04
2.622363656047399516e-04
2.619227163904724875e-04
2.616088940654570649e-04
2.612948802791503766e-04
2.609806573319328749e-04
2.606662081631183625e-04
2.603515163408509636e-04
2.600365660422321312e-04
2.597213420324484545e-04
2.594058296462309343e-04
2.590900147690922140e-04
2.587738838188968771e-04
2.584574237354253512e-04
2.581406219666071422e-04
2.578234664646350538e-04
2.575059456744188680e-04
2.571880485294775198e-04
2.568697644387274437e-04
2.565510832770456773e-04
2.562319953719471854e-04
2.559124914890409386e-04
2.555925628188182586e-04
2.552722009634411648e-04
2.549513979246409434e-04
2.546301460938371619e-04
2.543084382455873538e-04
2.539862675278170556e-04
2.536636274586001605e-04
2.533405119142795314e-04
2.530169151246930426e-04
2.526928316622933934e-04
2.523682564354867708e-04
2.520431846732007486e-04
2.517176119207764629e-04
2.513915340276451360e-04
2.510649471382242481e-04
2.507378476874766449e-04
2.504102323913626194e-04
2.500820982441753770e-04
2.497534425085490284e-04
2.494242627116838307e-04
2.490945566397950728e-04
2.487643223274549342e-04
2.484335580551499945e-04
2.481022623376238911e-04
2.477704339206576734e-04
2.474380717712998390e-04
2.471051750719821527e-04
2.467717432172999992e-04
2.464377758069069557e-04
2.461032726409628779e-04
2.457682337134725614e-04
2.454326592125077866e-04
2.450965495088830437e-04
2.447599051542681536e-04
2.444227268749710191e-04
2.440850155673857103e-04
2.437467722924413494e-04
2.434079982687187282e-04
2.430686948705629291e-04
2.427288636236424324e-04
2.423885061978436894e-04
2.420476244069380556e-04
2.417062202025865858e-04
2.413642956713424326e-04
2.410218530302099538e-04
2.406788946225368875e-04
2.403354229143506160e-04
2.399914404904723852e-04
2.396469500500764127e-04
2.393019544033592183e-04
2.389564564689861115e-04
2.386104592683180314e-04
2.382639659262997256e-04
2.379169796624669431e-04
2.375695037943881260e-04
2.372215417298928486e-04
2.368730969672938613e-04
2.365241730887257532e-04
2.361747737609221076e-04
2.358249027294423428e-04
2.354745638186717116e-04
2.351237609261591643e-04
2.347724980165111219e-04
2.344207791341590408e-04
2.340686083820431307e-04
2.337159899288288045e-04
2.333629280073523660e-04
2.330094269087368275e-04
2.326554909818367989e-04
2.323011246302408850e-04
2.319463323116055520e-04
2.315911185328811683e-04
2.312354878507560940e-04
2.308794448678819222e-04
2.305229942319853009e-04
2.301661406330923754e-04
2.298088888020854981e-04
2.294512435088158497e-04
2.290932095611042385e-04
2.287347918014104309e-04
2.283759951058339510e-04
2.280168243833369246e-04
2.276572845728574990e-04
2.272973806427547316e-04
2.269371175879220104e-04
2.265765004290098972e-04
2.262155342107607936e-04
2.258542240013428071e-04
2.254925748896852156e-04
2.251305919851454007e-04
2.247682804159545356e-04
2.244056453268861162e-04
2.240426918798110734e-04
2.236794252515883485e-04
2.233158506311783142e-04
2.229519732220852646e-04
2.225877982375834563e-04
2.222233309016052871e-04
2.218585764480751621e-04
2.214935401162465567e-04
2.211282271553649537e-04
2.207626428201159285e-04
2.203967923680716368e-04
2.200306810626884158e-04
2.196643141710863389e-04
2.192976969609405913e-04
2.189308347015916922e-04
2.185637326634903843e-04
2.181963961163102539e-04
2.178288303282815974e-04
2.174610405659693768e-04
2.170930320924968626e-04
2.167248101683227901e-04
2.163563800491319356e-04
2.159877469845028486e-04
2.156189162206834098e-04
2.152498929957058493e-04
2.148806825412741262e-04
2.145112900808765488e-04
2.141417208301188424e-04
2.137719799957249478e-04
2.134020727744267987e-04
2.130320043537414776e-04
2.126617799099728146e-04
2.122914046083224093e-04
2.119208836021124753e-04
2.115502220323417504e-04
2.111794250283516305e-04
2.108084977049395903e-04
2.104374451645796285e-04
2.100662724947577331e-04
2.096949847687490376e-04
2.093235870450627090e-04
2.089520843662207028e-04
2.085804817600900307e-04
2.082087842375512921e-04
2.078369967927207185e-04
2.074651244037273301e-04
2.070931720310476010e-04
2.067211446180605705e-04
2.063490470892714868e-04
2.059768843520881632e-04
2.056046612941564433e-04
2.052323827862467809e-04
2.048600536789235704e-04
2.044876788024341252e-04
2.041152629685960562e-04
2.037428109694650047e-04
2.033703275772236196e-04
2.029978175419611119e-04
2.026252855955590348e-04
2.022527364478055034e-04
2.018801747871723506e-04
2.015076052812592167e-04
2.011350325767935487e-04
2.007624612984093559e-04
2.003898960488692538e-04
2.000173414093975310e-04
1.996448019387919715e-04
1.992722821735348759e-04
1.988997866280151072e-04
1.985273197938619560e-04
1.981548861403892303e-04
1.977824901132629876e-04
1.974101361353897133e-04
1.970378286072493879e-04
1.966655719060073082e-04
1.962933703852920431e-04
1.959212283745292993e-04
1.955491501811623678e-04
1.951771400886537222e-04
1.948052023555968404e-04
1.944333412179366505e-04
1.940615608885254417e-04
1.936898655544583292e-04
1.933182593810700567e-04
1.929467465062728593e-04
1.925753310485500691e-04
1.922040170984073981e-04
1.918328087240350754e-04
1.914617099686433122e-04
1.910907248523496804e-04
1.907198573692925336e-04
1.903491114910726978e-04
1.899784911638668916e-04
1.896080003094269273e-04
1.892376428256348220e-04
1.888674225859476863e-04
1.884973434388426128e-04
1.881274092100371220e-04
1.877576236979372482e-04
1.873879906799658102e-04
1.870185139056790291e-04
1.866491971033168440e-04
1.862800439750289527e-04
1.859110581985401467e-04
1.855422434279274668e-04
1.851736032927320252e-04
1.848051413974038937e-04
1.844368613230784604e-04
1.840687666260221178e-04
1.837008608381873742e-04
1.833331474679900097e-04
1.829656299990878310e-04
1.825983118903806712e-04
1.822311965771206133e-04
1.818642874715781232e-04
1.814975879602664932e-04
1.811311014063843317e-04
1.807648311491494297e-04
1.803987805054640958e-04
1.800329527636979066e-04
