0.000000000000000000e+00
1.000000000000000021e-02
2.000000000000000042e-02
3.000000000000000236e-02
4.000000000000000083e-02
4.999999999999999584e-02
6.000000000000000472e-02
7.000000000000000666e-02
8.000000000000000167e-02
8.999999999999999667e-02
9.999999999999999167e-02
1.100000000000000006e-01
1.200000000000000094e-01
1.300000000000000044e-01
1.400000000000000133e-01
1.499999999999999944e-01
1.600000000000000033e-01
1.700000000000000122e-01
1.799999999999999933e-01
1.900000000000000022e-01
1.999999999999999833e-01
2.099999999999999922e-01
2.200000000000000011e-01
2.299999999999999822e-01
2.400000000000000189e-01
2.500000000000000000e-01
2.600000000000000089e-01
2.700000000000000178e-01
2.800000000000000266e-01
2.900000000000000355e-01
2.999999999999999889e-01
3.099999999999999978e-01
3.200000000000000067e-01
3.300000000000000155e-01
3.400000000000000244e-01
3.499999999999999778e-01
3.599999999999999867e-01
3.699999999999999956e-01
3.800000000000000044e-01
3.900000000000000133e-01
3.999999999999999667e-01
4.099999999999999756e-01
4.199999999999999845e-01
4.299999999999999933e-01
4.400000000000000022e-01
4.500000000000000111e-01
4.599999999999999645e-01
4.699999999999999734e-01
4.800000000000000377e-01
4.899999999999999911e-01
5.000000000000000000e-01
5.100000000000000089e-01
5.200000000000000178e-01
5.300000000000000266e-01
5.400000000000000355e-01
5.500000000000000444e-01
5.600000000000000533e-01
5.700000000000000622e-01
5.800000000000000711e-01
5.899999999999999689e-01
5.999999999999999778e-01
6.099999999999999867e-01
6.199999999999999956e-01
6.300000000000000044e-01
6.400000000000000133e-01
6.500000000000000222e-01
6.600000000000000311e-01
6.700000000000000400e-01
6.800000000000000488e-01
6.900000000000000577e-01
6.999999999999999556e-01
7.099999999999999645e-01
7.199999999999999734e-01
7.299999999999999822e-01
7.399999999999999911e-01
7.500000000000000000e-01
7.600000000000000089e-01
7.700000000000000178e-01
7.800000000000000266e-01
7.900000000000000355e-01
7.999999999999999334e-01
8.099999999999999423e-01
8.199999999999999512e-01
8.299999999999999600e-01
8.399999999999999689e-01
8.499999999999999778e-01
8.599999999999999867e-01
8.699999999999999956e-01
8.800000000000000044e-01
8.900000000000000133e-01
9.000000000000000222e-01
9.099999999999999201e-01
9.199999999999999289e-01
9.299999999999999378e-01
9.399999999999999467e-01
9.499999999999999556e-01
9.600000000000000755e-01
9.700000000000000844e-01
9.799999999999999822e-01
9.900000000000001021e-01
1.000000000000000000e+00
1.010000000000000009e+00
1.020000000000000018e+00
1.030000000000000027e+00
1.040000000000000036e+00
1.050000000000000044e+00
1.060000000000000053e+00
1.069999999999999840e+00
1.080000000000000071e+00
1.089999999999999858e+00
1.100000000000000089e+00
1.109999999999999876e+00
1.120000000000000107e+00
1.129999999999999893e+00
1.140000000000000124e+00
1.149999999999999911e+00
1.160000000000000142e+00
1.169999999999999929e+00
1.179999999999999938e+00
1.189999999999999947e+00
1.199999999999999956e+00
1.209999999999999964e+00
1.219999999999999973e+00
1.229999999999999982e+00
1.239999999999999991e+00
1.250000000000000000e+00
1.260000000000000009e+00
1.270000000000000018e+00
1.280000000000000027e+00
1.290000000000000036e+00
1.300000000000000044e+00
1.310000000000000053e+00
1.320000000000000062e+00
1.330000000000000071e+00
1.340000000000000080e+00
1.350000000000000089e+00
1.360000000000000098e+00
1.370000000000000107e+00
1.380000000000000115e+00
1.390000000000000124e+00
1.399999999999999911e+00
1.410000000000000142e+00
1.419999999999999929e+00
1.430000000000000160e+00
1.439999999999999947e+00
1.450000000000000178e+00
1.459999999999999964e+00
1.470000000000000195e+00
1.479999999999999982e+00
1.490000000000000213e+00
1.500000000000000000e+00
1.510000000000000009e+00
1.520000000000000018e+00
1.530000000000000027e+00
1.540000000000000036e+00
1.550000000000000044e+00
1.560000000000000053e+00
1.570000000000000062e+00
1.580000000000000071e+00
1.590000000000000080e+00
1.599999999999999867e+00
1.610000000000000098e+00
1.619999999999999885e+00
1.630000000000000115e+00
1.639999999999999902e+00
1.650000000000000133e+00
1.659999999999999920e+00
1.670000000000000151e+00
1.679999999999999938e+00
1.690000000000000169e+00
1.699999999999999956e+00
1.709999999999999964e+00
1.719999999999999973e+00
1.729999999999999982e+00
1.739999999999999991e+00
1.750000000000000000e+00
1.760000000000000009e+00
1.770000000000000018e+00
1.780000000000000027e+00
1.790000000000000036e+00
1.800000000000000044e+00
1.810000000000000053e+00
1.819999999999999840e+00
1.830000000000000071e+00
1.839999999999999858e+00
1.850000000000000089e+00
1.859999999999999876e+00
1.870000000000000107e+00
1.879999999999999893e+00
1.890000000000000124e+00
1.899999999999999911e+00
1.909999999999999920e+00
1.920000000000000151e+00
1.930000000000000160e+00
1.940000000000000169e+00
1.949999999999999956e+00
1.959999999999999964e+00
1.970000000000000195e+00
1.980000000000000204e+00
1.989999999999999991e+00
2.000000000000000000e+00
2.010000000000000231e+00
2.020000000000000018e+00
2.030000000000000249e+00
2.040000000000000036e+00
2.049999999999999822e+00
2.060000000000000053e+00
2.070000000000000284e+00
2.080000000000000071e+00
2.089999999999999858e+00
2.100000000000000089e+00
2.110000000000000320e+00
2.120000000000000107e+00
2.129999999999999893e+00
2.139999999999999680e+00
2.150000000000000355e+00
2.160000000000000142e+00
2.169999999999999929e+00
2.179999999999999716e+00
2.190000000000000391e+00
2.200000000000000178e+00
2.209999999999999964e+00
2.219999999999999751e+00
2.230000000000000426e+00
2.240000000000000213e+00
2.250000000000000000e+00
2.259999999999999787e+00
2.270000000000000018e+00
2.280000000000000249e+00
2.290000000000000036e+00
2.299999999999999822e+00
2.310000000000000053e+00
2.320000000000000284e+00
2.330000000000000071e+00
2.339999999999999858e+00
2.350000000000000089e+00
2.359999999999999876e+00
2.370000000000000107e+00
2.379999999999999893e+00
2.390000000000000124e+00
2.399999999999999911e+00
2.410000000000000142e+00
2.419999999999999929e+00
2.430000000000000160e+00
2.439999999999999947e+00
2.450000000000000178e+00
2.459999999999999964e+00
2.470000000000000195e+00
2.479999999999999982e+00
2.489999999999999769e+00
2.500000000000000000e+00
2.510000000000000231e+00
2.520000000000000018e+00
2.529999999999999805e+00
2.540000000000000036e+00
2.550000000000000266e+00
2.560000000000000053e+00
2.569999999999999840e+00
2.580000000000000071e+00
2.590000000000000302e+00
2.600000000000000089e+00
2.609999999999999876e+00
2.620000000000000107e+00
2.630000000000000338e+00
2.640000000000000124e+00
2.649999999999999911e+00
2.660000000000000142e+00
2.669999999999999929e+00
2.680000000000000160e+00
2.689999999999999947e+00
2.700000000000000178e+00
2.709999999999999964e+00
2.720000000000000195e+00
2.729999999999999982e+00
2.740000000000000213e+00
2.750000000000000000e+00
2.760000000000000231e+00
2.770000000000000018e+00
2.780000000000000249e+00
2.790000000000000036e+00
2.799999999999999822e+00
2.810000000000000053e+00
2.820000000000000284e+00
2.830000000000000071e+00
2.839999999999999858e+00
2.850000000000000089e+00
2.860000000000000320e+00
2.870000000000000107e+00
2.879999999999999893e+00
2.889999999999999680e+00
2.900000000000000355e+00
2.910000000000000142e+00
2.919999999999999929e+00
2.929999999999999716e+00
2.940000000000000391e+00
2.950000000000000178e+00
2.959999999999999964e+00
2.969999999999999751e+00
2.980000000000000426e+00
2.990000000000000213e+00
3.000000000000000000e+00
3.009999999999999787e+00
3.020000000000000018e+00
3.030000000000000249e+00
3.040000000000000036e+00
3.049999999999999822e+00
3.060000000000000053e+00
3.070000000000000284e+00
3.080000000000000071e+00
3.089999999999999858e+00
3.100000000000000089e+00
3.109999999999999876e+00
3.120000000000000107e+00
3.129999999999999893e+00
3.140000000000000124e+00
3.149999999999999911e+00
3.160000000000000142e+00
3.169999999999999929e+00
3.180000000000000160e+00
3.189999999999999947e+00
3.199999999999999734e+00
3.209999999999999964e+00
3.220000000000000195e+00
3.229999999999999982e+00
3.239999999999999769e+00
3.250000000000000444e+00
3.260000000000000231e+00
3.270000000000000018e+00
3.279999999999999805e+00
3.290000000000000480e+00
3.300000000000000266e+00
3.310000000000000053e+00
3.319999999999999840e+00
3.330000000000000071e+00
3.340000000000000302e+00
3.350000000000000089e+00
3.359999999999999876e+00
3.370000000000000107e+00
3.380000000000000338e+00
3.390000000000000124e+00
3.399999999999999911e+00
3.410000000000000142e+00
3.419999999999999929e+00
3.430000000000000160e+00
3.439999999999999947e+00
3.450000000000000178e+00
3.459999999999999964e+00
3.470000000000000195e+00
3.479999999999999982e+00
3.490000000000000213e+00
3.500000000000000000e+00
3.510000000000000231e+00
3.520000000000000018e+00
3.530000000000000249e+00
3.540000000000000036e+00
3.549999999999999822e+00
3.560000000000000053e+00
3.570000000000000284e+00
3.580000000000000071e+00
3.589999999999999858e+00
3.600000000000000089e+00
3.610000000000000320e+00
3.620000000000000107e+00
3.629999999999999893e+00
3.639999999999999680e+00
3.650000000000000355e+00
3.660000000000000142e+00
3.669999999999999929e+00
3.679999999999999716e+00
3.690000000000000391e+00
3.700000000000000178e+00
3.709999999999999964e+00
3.719999999999999751e+00
3.730000000000000426e+00
3.740000000000000213e+00
3.750000000000000000e+00
3.759999999999999787e+00
3.770000000000000018e+00
3.780000000000000249e+00
3.790000000000000036e+00
3.799999999999999822e+00
3.810000000000000053e+00
3.819999999999999840e+00
3.829999999999999627e+00
3.840000000000000302e+00
3.850000000000000533e+00
3.860000000000000320e+00
3.870000000000000107e+00
3.880000000000000338e+00
3.890000000000000124e+00
3.899999999999999911e+00
3.909999999999999698e+00
3.919999999999999929e+00
3.930000000000000604e+00
3.940000000000000391e+00
3.950000000000000178e+00
3.960000000000000409e+00
3.970000000000000195e+00
3.979999999999999982e+00
3.989999999999999769e+00
4.000000000000000000e+00
4.009999999999999787e+00
4.020000000000000462e+00
4.030000000000000249e+00
4.040000000000000036e+00
4.049999999999999822e+00
4.060000000000000497e+00
4.070000000000000284e+00
4.080000000000000071e+00
4.089999999999999858e+00
4.099999999999999645e+00
4.110000000000000320e+00
4.120000000000000107e+00
4.129999999999999893e+00
4.140000000000000568e+00
4.150000000000000355e+00
4.160000000000000142e+00
4.169999999999999929e+00
4.179999999999999716e+00
4.189999999999999503e+00
4.200000000000000178e+00
4.209999999999999964e+00
4.220000000000000639e+00
4.230000000000000426e+00
4.240000000000000213e+00
4.250000000000000000e+00
4.259999999999999787e+00
4.269999999999999574e+00
4.279999999999999361e+00
4.290000000000000036e+00
4.300000000000000711e+00
4.310000000000000497e+00
4.320000000000000284e+00
4.330000000000000071e+00
4.339999999999999858e+00
4.349999999999999645e+00
4.359999999999999432e+00
4.370000000000000107e+00
4.380000000000000782e+00
4.390000000000000568e+00
4.400000000000000355e+00
4.410000000000000142e+00
4.419999999999999929e+00
4.429999999999999716e+00
4.439999999999999503e+00
4.450000000000000178e+00
4.460000000000000853e+00
4.470000000000000639e+00
4.480000000000000426e+00
4.490000000000000213e+00
4.500000000000000000e+00
4.509999999999999787e+00
4.519999999999999574e+00
4.530000000000000249e+00
4.540000000000000036e+00
4.550000000000000711e+00
4.560000000000000497e+00
4.570000000000000284e+00
4.580000000000000071e+00
4.589999999999999858e+00
4.599999999999999645e+00
4.610000000000000320e+00
4.620000000000000107e+00
4.629999999999999893e+00
4.640000000000000568e+00
4.650000000000000355e+00
4.660000000000000142e+00
4.669999999999999929e+00
4.679999999999999716e+00
4.690000000000000391e+00
4.700000000000000178e+00
4.709999999999999964e+00
4.719999999999999751e+00
4.730000000000000426e+00
4.740000000000000213e+00
4.750000000000000000e+00
4.759999999999999787e+00
4.770000000000000462e+00
4.780000000000000249e+00
4.790000000000000036e+00
4.799999999999999822e+00
4.809999999999999609e+00
4.820000000000000284e+00
4.830000000000000071e+00
4.839999999999999858e+00
4.850000000000000533e+00
4.860000000000000320e+00
4.870000000000000107e+00
4.879999999999999893e+00
4.889999999999999680e+00
4.900000000000000355e+00
4.910000000000000142e+00
4.919999999999999929e+00
4.930000000000000604e+00
4.940000000000000391e+00
4.950000000000000178e+00
4.959999999999999964e+00
4.969999999999999751e+00
4.979999999999999538e+00
4.990000000000000213e+00
5.000000000000000000e+00
5.010000000000000675e+00
5.020000000000000462e+00
5.030000000000000249e+00
5.040000000000000036e+00
5.049999999999999822e+00
5.059999999999999609e+00
5.069999999999999396e+00
5.080000000000000071e+00
5.090000000000000746e+00
5.100000000000000533e+00
5.110000000000000320e+00
5.120000000000000107e+00
5.129999999999999893e+00
5.139999999999999680e+00
5.149999999999999467e+00
5.160000000000000142e+00
5.170000000000000817e+00
5.180000000000000604e+00
5.190000000000000391e+00
5.200000000000000178e+00
5.209999999999999964e+00
5.219999999999999751e+00
5.229999999999999538e+00
5.240000000000000213e+00
5.250000000000000000e+00
5.260000000000000675e+00
5.270000000000000462e+00
5.280000000000000249e+00
5.290000000000000036e+00
5.299999999999999822e+00
5.309999999999999609e+00
5.320000000000000284e+00
5.330000000000000071e+00
5.339999999999999858e+00
5.350000000000000533e+00
5.360000000000000320e+00
5.370000000000000107e+00
5.379999999999999893e+00
5.389999999999999680e+00
5.400000000000000355e+00
5.410000000000000142e+00
5.419999999999999929e+00
5.430000000000000604e+00
5.440000000000000391e+00
5.450000000000000178e+00
5.459999999999999964e+00
5.469999999999999751e+00
5.480000000000000426e+00
5.490000000000000213e+00
5.500000000000000000e+00
5.509999999999999787e+00
5.520000000000000462e+00
5.530000000000000249e+00
5.540000000000000036e+00
5.549999999999999822e+00
5.560000000000000497e+00
5.570000000000000284e+00
5.580000000000000071e+00
5.589999999999999858e+00
5.599999999999999645e+00
5.610000000000000320e+00
5.620000000000000107e+00
5.629999999999999893e+00
5.640000000000000568e+00
5.650000000000000355e+00
5.660000000000000142e+00
5.669999999999999929e+00
5.679999999999999716e+00
5.689999999999999503e+00
5.700000000000000178e+00
5.709999999999999964e+00
5.720000000000000639e+00
5.730000000000000426e+00
5.740000000000000213e+00
5.750000000000000000e+00
5.759999999999999787e+00
5.769999999999999574e+00
5.779999999999999361e+00
5.790000000000000036e+00
5.800000000000000711e+00
5.810000000000000497e+00
5.820000000000000284e+00
5.830000000000000071e+00
5.839999999999999858e+00
5.849999999999999645e+00
5.859999999999999432e+00
5.870000000000000107e+00
5.880000000000000782e+00
5.890000000000000568e+00
5.900000000000000355e+00
5.910000000000000142e+00
5.919999999999999929e+00
5.929999999999999716e+00
5.939999999999999503e+00
5.950000000000000178e+00
5.960000000000000853e+00
5.970000000000000639e+00
5.980000000000000426e+00
5.990000000000000213e+00
