0.000000000000000000e+00
5.144475960375607948e-08
5.667700098800979025e-07
9.957987420943295587e-07
1.748236298618893736e-06
2.517552452644886141e-06
3.185756155421430591e-06
4.190258975432081118e-06
4.862603093800169085e-06
5.780316922467370472e-06
6.639984820931959381e-06
7.360936823898496517e-06
8.305156958327095801e-06
9.006429164847527813e-06
9.827780967801725415e-06
1.062613017094402729e-05
1.131334301040327547e-05
1.212130591448290148e-05
1.279903296363916684e-05
1.351305363997629475e-05
1.422744581080440801e-05
1.486646338513504875e-05
1.556067726646119531e-05
1.619081727094115464e-05
1.682273428423031181e-05
1.745578344050776817e-05
1.804462565289152026e-05
1.865072151056206343e-05
1.922592536328588189e-05
1.979137612352632747e-05
2.035359356964620663e-05
2.089042055527980807e-05
2.142677021965124981e-05
2.194626637738120861e-05
2.245383125512156325e-05
2.295473977000973310e-05
2.343958288715270594e-05
2.391745980145150614e-05
2.438346764745374755e-05
2.483851592515124232e-05
2.528502527653227715e-05
2.571993083878170751e-05
2.614598945740813883e-05
2.656210138169746472e-05
2.696843986253381030e-05
2.736581112779482017e-05
2.775358849318489141e-05
2.813245197574778395e-05
2.850230286440599142e-05
2.886330440102268316e-05
2.921564068787533587e-05
2.955938448466108835e-05
2.989471936045242674e-05
3.022169282211736516e-05
3.054054061510120405e-05
3.085125994167770003e-05
3.115406421321897761e-05
3.144904731917420350e-05
3.173627161454973568e-05
3.201595851431288109e-05
3.228810874170563554e-05
3.255290751509750356e-05
3.281045274721740811e-05
3.306080982063124701e-05
3.330415673743732444e-05
3.354053443219498498e-05
3.377008141795465046e-05
3.399290402172298192e-05
3.420907267019939087e-05
3.441872803135138589e-05
3.462193752747956543e-05
3.481881167587044107e-05
3.500945308130350327e-05
3.519393942038825419e-05
3.537238382707611969e-05
3.554486636444869826e-05
3.571148201968361857e-05
3.587232592823594995e-05
3.602747901213431900e-05
3.617703724242602413e-05
3.632108342642979305e-05
3.645970373968325171e-05
3.659298574175190097e-05
3.672100962899722820e-05
3.684386098546494313e-05
3.696162022961578184e-05
3.707436773978003801e-05
3.718218426953840035e-05
3.728514713810049744e-05
3.738333480178763005e-05
3.747682356655766128e-05
3.756568887164140821e-05
3.765000574354753111e-05
3.772984750877953625e-05
3.780528711416894158e-05
3.787639631524196415e-05
3.794324593272353947e-05
3.800590601808133233e-05
3.806444555888750803e-05
3.811893276404521892e-05
3.816943489768341059e-05
3.821601838330224675e-05
3.825874876239930382e-05
3.829769073685927380e-05
3.833290816931847304e-05
3.836446406579288766e-05
3.839242065261012395e-05
3.841683929639485434e-05
3.843778059370284682e-05
3.845530433954581686e-05
3.846946952590520313e-05
3.848033440312435653e-05
3.848795642173480532e-05
3.849239229471309535e-05
3.849369798588080267e-05
3.849192870419165542e-05
3.848713894950806739e-05
3.847938248056459020e-05
3.846871235115077552e-05
3.845518091148583499e-05
3.843883980514590289e-05
3.841973999809723556e-05
3.839793176704938641e-05
3.837346471884833018e-05
3.834638779760726063e-05
3.831674928545306374e-05
3.828459682033596469e-05
3.824997739551604971e-05
3.821293737085880958e-05
3.817352248129278394e-05
3.813177784040900405e-05
3.808774795219813190e-05
3.804147671523461314e-05
3.799300743089590541e-05
3.794238281122370299e-05
3.788964498430873531e-05
3.783483550285477153e-05
3.777799535008654654e-05
3.771916494673614294e-05
3.765838415815318894e-05
3.759569230035850109e-05
3.753112814712088879e-05
3.746472993620963976e-05
3.739653537583153674e-05
3.732658165113075799e-05
3.725490543030356063e-05
3.718154287094650127e-05
3.710652962614390590e-05
3.702990085055544826e-05
3.695169120644734972e-05
3.687193486961515883e-05
3.679066553527953441e-05
3.670791642388661867e-05
3.662372028686851182e-05
3.653810941231343257e-05
3.645111563059641371e-05
3.636277031993432034e-05
3.627310441187158764e-05
3.618214839672942093e-05
3.608993232896164603e-05
3.599648583247640719e-05
3.590183810588695821e-05
3.580601792769837720e-05
3.570905366145275643e-05
3.561097326079524540e-05
3.551180427450041210e-05
3.541157385143452793e-05
3.531030874545854677e-05
3.520803532028608969e-05
3.510477955427453427e-05
3.500056704517132654e-05
3.489542301480272161e-05
3.478937231370907331e-05
3.468243942572862403e-05
3.457464847253055411e-05
3.446602321809360409e-05
3.435658707313851007e-05
3.424636309950427736e-05
3.413537401448054395e-05
3.402364219508757694e-05
3.391118968230726321e-05
3.379803818526888864e-05
3.368420908538428526e-05
3.356972344043700814e-05
3.345460198862586741e-05
3.333886515256108060e-05
3.322253304321575590e-05
3.310562546383162205e-05
3.298816191378008914e-05
3.287016159238075443e-05
3.275164340267415486e-05
3.263262595515256095e-05
3.251312757144859521e-05
3.239316628797928987e-05
3.227275985955187221e-05
3.215192576292477244e-05
3.203068120033030495e-05
3.190904310295598727e-05
3.178702813438455095e-05
3.166465269399768587e-05
3.154193292033674167e-05
3.141888469442819269e-05
3.129552364306801161e-05
3.117186514207048124e-05
3.104792431947770402e-05
3.092371605873338704e-05
3.079925500181987259e-05
3.067455555235673375e-05
3.054963187866771134e-05
3.042449791680818579e-05
3.029916737355968937e-05
3.017365372938929022e-05
3.004797024137439033e-05
2.992212994609413012e-05
2.979614566248647801e-05
2.967002999467301073e-05
2.954379533475002921e-05
2.941745386554725679e-05
2.929101756335590872e-05
2.916449820062228405e-05
2.903790734861262613e-05
2.891125638004469816e-05
2.878455647169068151e-05
2.865781860694771067e-05
2.853105357838027316e-05
2.840427199023019171e-05
2.827748426090080256e-05
2.815070062540855336e-05
2.802393113780841764e-05
2.789718567358895167e-05
2.777047393204095087e-05
2.764380543859623661e-05
2.751718954714112673e-05
2.739063544230112062e-05
2.726415214169912969e-05
2.713774849818714491e-05
2.701143320205177511e-05
2.688521478319295119e-05
2.675910161327785643e-05
2.663310190786910689e-05
2.650722372852691100e-05
2.638147498488737676e-05
2.625586343671631583e-05
2.613039669593681009e-05
2.600508222863525667e-05
2.587992735704171742e-05
2.575493926148793387e-05
2.563012498234051384e-05
2.550549142191286785e-05
2.538104534635291345e-05
2.525679338750920402e-05
2.513274204477423512e-05
2.500889768690557884e-05
2.488526655382603892e-05
2.476185475840141700e-05
2.463866828819719123e-05
2.451571300721432393e-05
2.439299465760408998e-05
2.427051886136230531e-05
2.414829112200306402e-05
2.402631682621252616e-05
2.390460124548291886e-05
2.378314953772615436e-05
2.366196674886858302e-05
2.354105781442666434e-05
2.342042756106252604e-05
2.330008070812206742e-05
2.318002186915349297e-05
2.306025555340741450e-05
2.294078616731960599e-05
2.282161801597445971e-05
2.270275530455215219e-05
2.258420213975667395e-05
2.246596253122751501e-05
2.234804039293362358e-05
2.223043954455091202e-05
2.211316371282181928e-05
2.199621653289964029e-05
2.187960154967534543e-05
2.176332221908859783e-05
2.164738190942245340e-05
2.153178390258252963e-05
2.141653139536026378e-05
2.130162750068015191e-05
2.118707524883232420e-05
2.107287758868983283e-05
2.095903738891043600e-05
2.084555743912388051e-05
2.073244045110449359e-05
2.061968905992930053e-05
2.050730582512147850e-05
2.039529323178006811e-05
2.028365369169502115e-05
2.017238954444942759e-05
2.006150305850678064e-05
1.995099643228555666e-05
1.984087179521983589e-05
1.973113120880764463e-05
1.962177666764449812e-05
1.951281010044596579e-05
1.940423337105573530e-05
1.929604827944221123e-05
1.918825656268183222e-05
1.908085989593065164e-05
1.897385989338307047e-05
1.886725810921905050e-05
1.876105603853864246e-05
1.865525511828586172e-05
1.854985672815944527e-05
1.844486219151336291e-05
1.834027277624518545e-05
1.823608969567325840e-05
1.813231410940300669e-05
1.802894712418171962e-05
1.792598979474309016e-05
1.782344312464058693e-05
1.772130806706992997e-05
1.761958552568170032e-05
1.751827635538308033e-05
1.741738136312934843e-05
1.731690130870539913e-05
1.721683690549712575e-05
1.711718882125280142e-05
1.701795767883451248e-05
1.691914405696067435e-05
1.682074849093770537e-05
1.672277147338313542e-05
1.662521345493922780e-05
1.652807484497714145e-05
1.643135601229182320e-05
1.633505728578838910e-05
1.623917895515888336e-05
1.614372127155082456e-05
1.604868444822659030e-05
1.595406866121423664e-05
1.585987404995010475e-05
1.576610071791269968e-05
1.567274873324811242e-05
1.557981812938760854e-05
1.548730890565676007e-05
1.539522102787685247e-05
1.530355442895788899e-05
1.521230900948387010e-05
1.512148463829107985e-05
1.503108115303726489e-05
1.494109836076457933e-05
1.485153603845412707e-05
1.476239393357383625e-05
1.467367176461814799e-05
1.458536922164144385e-05
1.449748596678363997e-05
1.441002163478867959e-05
1.432297583351676445e-05
1.423634814444899662e-05
1.415013812318539324e-05
1.406434529993635539e-05
1.397896918000723866e-05
1.389400924427649988e-05
1.380946494966724374e-05
1.372533572961258949e-05
1.364162099451443752e-05
1.355832013219592045e-05
1.347543250834799962e-05
1.339295746696965114e-05
1.331089433080219725e-05
1.322924240175741715e-05
1.314800096133995216e-05
1.306716927106403234e-05
1.298674657286407743e-05
1.290673208949971414e-05
1.282712502495556212e-05
1.274792456483475871e-05
1.266912987674755054e-05
1.259074011069449123e-05
1.251275439944373022e-05
1.243517185890363947e-05
1.235799158848977528e-05
1.228121267148693399e-05
1.220483417540599010e-05
1.212885515233570624e-05
1.205327463928963728e-05
1.197809165854781660e-05
1.190330521799417337e-05
1.182891431144856946e-05
1.175491791899425562e-05
1.168131500730086884e-05
1.160810452994269991e-05
1.153528542771194653e-05
1.146285662892837498e-05
1.139081704974346599e-05
1.131916559444102327e-05
1.124790115573297104e-05
1.117702261505086885e-05
1.110652884283341488e-05
1.103641869880947696e-05
1.096669103227731524e-05
1.089734468237926485e-05
1.082837847837274576e-05
1.075979123989728823e-05
1.069158177723730275e-05
1.062374889158120440e-05
1.055629137527670173e-05
1.048920801208220977e-05
1.042249757741440044e-05
1.035615883859233779e-05
1.029019055507777785e-05
1.022459147871172802e-05
1.015936035394780800e-05
1.009449591808157212e-05
1.002999690147698562e-05
9.965862027788821619e-06
9.902090014182198495e-06
9.838679571548417449e-06
9.775629404717560986e-06
9.712938212668109856e-06
9.650604688732819492e-06
9.588627520801899502e-06
9.527005391522764361e-06
9.465736978496694137e-06
9.404820954472662732e-06
9.344255987537805098e-06
9.284040741305187505e-06
9.224173875098352297e-06
9.164654044133328336e-06
9.105479899697212654e-06
9.046650089324543035e-06
8.988163256970390898e-06
8.930018043180824980e-06
8.872213085260827149e-06
8.814747017439158896e-06
8.757618471030869690e-06
8.700826074597108376e-06
8.644368454102129202e-06
8.588244233068048129e-06
8.532452032726861525e-06
8.476990472170038964e-06
8.421858168495635903e-06
8.367053736952953361e-06
8.312575791084866558e-06
8.258422942867714098e-06
8.204593802848842571e-06
8.151086980281982745e-06
8.097901083259983015e-06
8.045034718845875898e-06
7.992486493201112038e-06
7.940255011712032398e-06
7.888338879113961967e-06
7.836736699613270599e-06
7.785447077007292551e-06
7.734468614802111495e-06
7.683799916328400744e-06
7.633439584855169612e-06
7.583386223701537882e-06
7.533638436346463843e-06
7.484194826536730825e-06
7.435053998392697570e-06
7.386214556512476505e-06
7.337675106074024935e-06
7.289434252935494724e-06
7.241490603733732065e-06
7.193842765980900224e-06
7.146489348159564068e-06
7.099428959815714613e-06
7.052660211650363777e-06
7.006181715609241783e-06
6.959992084970868255e-06
6.914089934432936029e-06
6.868473880197244837e-06
6.823142540052737641e-06
6.778094533457168166e-06
6.733328481617101464e-06
6.688843007566389824e-06
6.644636736243117242e-06
6.600708294565059897e-06
6.557056311503615183e-06
6.513679418156341613e-06
6.470576247818001165e-06
6.427745436050137954e-06
6.385185620749416857e-06
6.342895442214301939e-06
6.300873543210704900e-06
6.259118569035919117e-06
6.217629167581618574e-06
6.176403989395183038e-06
6.135441687739972931e-06
6.094740918654221833e-06
6.054300341008722814e-06
6.014118616563267935e-06
5.974194410021786705e-06
5.934526389086407108e-06
5.895113224510269807e-06
5.855953590149115832e-06
5.817046163011851067e-06
5.778389623309843558e-06
5.739982654505143415e-06
5.701823943357686253e-06
5.663912179971249822e-06
5.626246057838455166e-06
5.588824273884602275e-06
5.551645528510665479e-06
5.514708525634974242e-06
5.478011972734114689e-06
5.441554580882746936e-06
5.405335064792378863e-06
5.369352142849272537e-06
5.333604537151368072e-06
5.298090973544191046e-06
5.262810181655879014e-06
5.227760894931421961e-06
5.192941850665703369e-06
5.158351790035951736e-06
5.123989458133162121e-06
5.089853603992650305e-06
5.055942980623861582e-06
5.022256345039203759e-06
4.988792458282168647e-06
4.955550085454565868e-06
4.922527995743024819e-06
4.889724962444676713e-06
4.857139762991996362e-06
4.824771178976979880e-06
4.792617996174549906e-06
4.760679004565161211e-06
4.728952998356715141e-06
4.697438776005769315e-06
4.666135140237968068e-06
4.635040898067937555e-06
4.604154860818272842e-06
4.573475844138030332e-06
4.543002668020420587e-06
4.512734156819965829e-06
4.482669139268986587e-06
4.452806448493302300e-06
4.423144922027532125e-06
4.393683401829657120e-06
4.364420734294945472e-06
4.335355770269403374e-06
4.306487365062487303e-06
4.277814378459389379e-06
4.249335674732665437e-06
4.221050122653266783e-06
4.192956595501131495e-06
4.165053971075192963e-06
4.137341131702778566e-06
4.109816964248595001e-06
4.082480360123137621e-06
4.055330215290605116e-06
4.028365430276360174e-06
4.001584910173712527e-06
3.974987564650559683e-06
3.948572307955214517e-06
3.922338058921948252e-06
3.896283740976045555e-06
3.870408282138371734e-06
3.844710615029560473e-06
3.819189676873662847e-06
3.793844409501525292e-06
3.768673759353510273e-06
3.743676677482098370e-06
3.718852119553819511e-06
3.694199045850930102e-06
3.669716421272666630e-06
3.645403215336102867e-06
3.621258402176600482e-06
3.597280960547964907e-06
3.573469873822116677e-06
3.549824129988573055e-06
3.526342721653377373e-06
3.503024646037801389e-06
3.479868904976742689e-06
3.456874504916613889e-06
3.434040456913143734e-06
3.411365776628663205e-06
3.388849484329093471e-06
3.366490604880744103e-06
3.344288167746725042e-06
3.322241206983012979e-06
3.300348761234273790e-06
3.278609873729468126e-06
3.257023592277026716e-06
3.235588969259849481e-06
3.214305061629996337e-06
3.193170930903147593e-06
3.172185643152715384e-06
3.151348269003799240e-06
3.130657883626840115e-06
3.110113566731016922e-06
3.089714402557426219e-06
3.069459479871980689e-06
3.049347891958161921e-06
3.029378736609475046e-06
3.009551116121632314e-06
2.989864137284668912e-06
2.970316911374686086e-06
2.950908554145512949e-06
2.931638185820022700e-06
2.912504931081421738e-06
2.893507919064149136e-06
2.874646283344759184e-06
2.855919161932478660e-06
