Step Time(ns) rpsystem.zeeman1.field.x rpsystem.zeeman1.field.y rpsystem.zeeman1.field.z rpsystem.singlet rpsystem.t0 rpsystem.tp rpsystem.tm rpsystem.identity 
1 0 0 0 0 1 0 0 0 1 
1 5 0 0 0 0.942332 0.0192228 0.0192228 0.0192228 1 
1 10 0 0 0 0.790783 0.0697389 0.0697389 0.0697389 1 
1 15 0 0 0 0.598993 0.133669 0.133669 0.133669 1 
1 20 0 0 0 0.426635 0.191122 0.191122 0.191122 1 
1 25 0 0 0 0.312456 0.229181 0.229181 0.229181 1 
1 30 0 0 0 0.261125 0.246292 0.246292 0.246292 1 
1 35 0 0 0 0.250075 0.249975 0.249975 0.249975 1 
1 40 0 0 0 0.250697 0.249768 0.249768 0.249768 1 
1 45 0 0 0 0.250023 0.249992 0.249992 0.249992 1 
1 50 0 0 0 0.259293 0.246902 0.246902 0.246902 1 
1 55 0 0 0 0.304281 0.231906 0.231906 0.231906 1 
1 60 0 0 0 0.403741 0.198753 0.198753 0.198753 1 
1 65 0 0 0 0.549957 0.150014 0.150014 0.150014 1 
1 70 0 0 0 0.704424 0.0985252 0.0985252 0.0985252 1 
1 75 0 0 0 0.812741 0.0624198 0.0624198 0.0624198 1 
1 80 0 0 0 0.831124 0.0562919 0.0562919 0.0562919 1 
1 85 0 0 0 0.74964 0.0834533 0.0834533 0.0834533 1 
1 90 0 0 0 0.598605 0.133798 0.133798 0.133798 1 
1 95 0 0 0 0.434082 0.188639 0.188639 0.188639 1 
1 100 0 0 0 0.310315 0.229895 0.229895 0.229895 1 
1 105 0 0 0 0.254392 0.248536 0.248536 0.248536 1 
1 110 0 0 0 0.256957 0.247681 0.247681 0.247681 1 
1 115 0 0 0 0.283359 0.23888 0.23888 0.23888 1 
1 120 0 0 0 0.297737 0.234088 0.234088 0.234088 1 
1 125 0 0 0 0.285305 0.238232 0.238232 0.238232 1 
1 130 0 0 0 0.259639 0.246787 0.246787 0.246787 1 
1 135 0 0 0 0.251165 0.249612 0.249612 0.249612 1 
1 140 0 0 0 0.28455 0.238483 0.238483 0.238483 1 
1 145 0 0 0 0.359427 0.213524 0.213524 0.213524 1 
1 150 0 0 0 0.446852 0.184383 0.184383 0.184383 1 
1 155 0 0 0 0.504247 0.165251 0.165251 0.165251 1 
1 160 0 0 0 0.500222 0.166593 0.166593 0.166593 1 
1 165 0 0 0 0.434397 0.188534 0.188534 0.188534 1 
1 170 0 0 0 0.339933 0.220022 0.220022 0.220022 1 
1 175 0 0 0 0.266591 0.24447 0.24447 0.24447 1 
1 180 0 0 0 0.253628 0.248791 0.248791 0.248791 1 
1 185 0 0 0 0.308019 0.23066 0.23066 0.23066 1 
1 190 0 0 0 0.400567 0.199811 0.199811 0.199811 1 
1 195 0 0 0 0.482148 0.172617 0.172617 0.172617 1 
1 200 0 0 0 0.510712 0.163096 0.163096 0.163096 1 
1 205 0 0 0 0.473532 0.175489 0.175489 0.175489 1 
1 210 0 0 0 0.392206 0.202598 0.202598 0.202598 1 
1 215 0 0 0 0.308165 0.230612 0.230612 0.230612 1 
1 220 0 0 0 0.257895 0.247368 0.247368 0.247368 1 
1 225 0 0 0 0.252864 0.249045 0.249045 0.249045 1 
1 230 0 0 0 0.275981 0.24134 0.24134 0.24134 1 
1 235 0 0 0 0.296148 0.234617 0.234617 0.234617 1 
1 240 0 0 0 0.291422 0.236193 0.236193 0.236193 1 
1 245 0 0 0 0.266006 0.244665 0.244665 0.244665 1 
1 250 0 0 0 0.250045 0.249985 0.249985 0.249985 1 
1 255 0 0 0 0.281681 0.23944 0.23944 0.23944 1 
1 260 0 0 0 0.381786 0.206071 0.206071 0.206071 1 
1 265 0 0 0 0.536664 0.154445 0.154445 0.154445 1 
1 270 0 0 0 0.699702 0.100099 0.100099 0.100099 1 
1 275 0 0 0 0.812061 0.0626463 0.0626463 0.0626463 1 
1 280 0 0 0 0.831336 0.0562215 0.0562215 0.0562215 1 
1 285 0 0 0 0.752309 0.0825637 0.0825637 0.0825637 1 
1 290 0 0 0 0.608388 0.130537 0.130537 0.130537 1 
1 295 0 0 0 0.453341 0.18222 0.18222 0.18222 1 
1 300 0 0 0 0.334111 0.221963 0.221963 0.221963 1 
1 305 0 0 0 0.270249 0.24325 0.24325 0.24325 1 
1 310 0 0 0 0.251024 0.249659 0.249659 0.249659 1 
1 315 0 0 0 0.250509 0.24983 0.24983 0.24983 1 
1 320 0 0 0 0.25014 0.249953 0.249953 0.249953 1 
1 325 0 0 0 0.254035 0.248655 0.248655 0.248655 1 
1 330 0 0 0 0.287131 0.237623 0.237623 0.237623 1 
1 335 0 0 0 0.377036 0.207655 0.207655 0.207655 1 
1 340 0 0 0 0.53085 0.156383 0.156383 0.156383 1 
1 345 0 0 0 0.721835 0.0927217 0.0927217 0.0927217 1 
1 350 0 0 0 0.895325 0.0348917 0.0348917 0.0348917 1 
1 355 0 0 0 0.992032 0.00265592 0.00265592 0.00265592 1 
1 360 0 0 0 0.976397 0.00786772 0.00786772 0.00786772 1 
1 365 0 0 0 0.854267 0.0485776 0.0485776 0.0485776 1 
1 370 0 0 0 0.669968 0.110011 0.110011 0.110011 1 
1 375 0 0 0 0.484406 0.171865 0.171865 0.171865 1 
1 380 0 0 0 0.346505 0.217832 0.217832 0.217832 1 
1 385 0 0 0 0.273684 0.242105 0.242105 0.242105 1 
1 390 0 0 0 0.251407 0.249531 0.249531 0.249531 1 
1 395 0 0 0 0.250451 0.24985 0.24985 0.24985 1 
1 400 0 0 0 0.250201 0.249933 0.249933 0.249933 1 
1 405 0 0 0 0.253206 0.248931 0.248931 0.248931 1 
1 410 0 0 0 0.282044 0.239319 0.239319 0.239319 1 
1 415 0 0 0 0.360746 0.213085 0.213085 0.213085 1 
1 420 0 0 0 0.492804 0.169065 0.169065 0.169065 1 
1 425 0 0 0 0.650234 0.116589 0.116589 0.116589 1 
1 430 0 0 0 0.781716 0.0727613 0.0727613 0.0727613 1 
1 435 0 0 0 0.836356 0.0545481 0.0545481 0.0545481 1 
1 440 0 0 0 0.78997 0.0700102 0.0700102 0.0700102 1 
1 445 0 0 0 0.658755 0.113748 0.113748 0.113748 1 
1 450 0 0 0 0.492137 0.169288 0.169288 0.169288 1 
1 455 0 0 0 0.348443 0.217186 0.217186 0.217186 1 
1 460 0 0 0 0.266858 0.244381 0.244381 0.244381 1 
1 465 0 0 0 0.251119 0.249627 0.249627 0.249627 1 
1 470 0 0 0 0.273455 0.242182 0.242182 0.242182 1 
1 475 0 0 0 0.295424 0.234859 0.234859 0.234859 1 
1 480 0 0 0 0.292673 0.235776 0.235776 0.235776 1 
1 485 0 0 0 0.268783 0.243739 0.243739 0.243739 1 
1 490 0 0 0 0.250322 0.249893 0.249893 0.249893 1 
1 495 0 0 0 0.26681 0.244397 0.244397 0.244397 1 
1 500 0 0 0 0.328479 0.22384 0.22384 0.22384 1 
1 505 0 0 0 0.416024 0.194659 0.194659 0.194659 1 
1 510 0 0 0 0.489208 0.170264 0.170264 0.170264 1 
1 515 0 0 0 0.509644 0.163452 0.163452 0.163452 1 
1 520 0 0 0 0.464205 0.178598 0.178598 0.178598 1 
1 525 0 0 0 0.374792 0.208403 0.208403 0.208403 1 
1 530 0 0 0 0.288001 0.237333 0.237333 0.237333 1 
1 535 0 0 0 0.25009 0.24997 0.24997 0.24997 1 
1 540 0 0 0 0.281438 0.239521 0.239521 0.239521 1 
1 545 0 0 0 0.365189 0.211604 0.211604 0.211604 1 
1 550 0 0 0 0.456645 0.181118 0.181118 0.181118 1 
1 555 0 0 0 0.507988 0.164004 0.164004 0.164004 1 
1 560 0 0 0 0.494076 0.168641 0.168641 0.168641 1 
1 565 0 0 0 0.424675 0.191775 0.191775 0.191775 1 
1 570 0 0 0 0.336582 0.221139 0.221139 0.221139 1 
1 575 0 0 0 0.271002 0.242999 0.242999 0.242999 1 
1 580 0 0 0 0.250017 0.249994 0.249994 0.249994 1 
1 585 0 0 0 0.266163 0.244612 0.244612 0.244612 1 
1 590 0 0 0 0.290939 0.236354 0.236354 0.236354 1 
1 595 0 0 0 0.296431 0.234523 0.234523 0.234523 1 
1 600 0 0 0 0.276237 0.241254 0.241254 0.241254 1 
1 605 0 0 0 0.252269 0.249244 0.249244 0.249244 1 
1 610 0 0 0 0.262603 0.245799 0.245799 0.245799 1 
1 615 0 0 0 0.337192 0.220936 0.220936 0.220936 1 
1 620 0 0 0 0.475949 0.174684 0.174684 0.174684 1 
1 625 0 0 0 0.642788 0.119071 0.119071 0.119071 1 
1 630 0 0 0 0.780109 0.0732968 0.0732968 0.0732968 1 
1 635 0 0 0 0.836327 0.0545577 0.0545577 0.0545577 1 
1 640 0 0 0 0.791268 0.0695772 0.0695772 0.0695772 1 
1 645 0 0 0 0.665401 0.111533 0.111533 0.111533 1 
1 650 0 0 0 0.508041 0.163986 0.163986 0.163986 1 
1 655 0 0 0 0.371696 0.209435 0.209435 0.209435 1 
1 660 0 0 0 0.287357 0.237548 0.237548 0.237548 1 
1 665 0 0 0 0.254456 0.248515 0.248515 0.248515 1 
1 670 0 0 0 0.250097 0.249968 0.249968 0.249968 1 
1 675 0 0 0 0.250554 0.249815 0.249815 0.249815 1 
1 680 0 0 0 0.250834 0.249722 0.249722 0.249722 1 
1 685 0 0 0 0.269648 0.243451 0.243451 0.243451 1 
1 690 0 0 0 0.336374 0.221209 0.221209 0.221209 1 
1 695 0 0 0 0.467994 0.177335 0.177335 0.177335 1 
1 700 0 0 0 0.650589 0.11647 0.11647 0.11647 1 
1 705 0 0 0 0.837762 0.0540795 0.0540795 0.0540795 1 
1 710 0 0 0 0.968547 0.0104844 0.0104844 0.0104844 1 
1 715 0 0 0 0.99576 0.00141317 0.00141317 0.00141317 1 
1 720 0 0 0 0.909232 0.0302561 0.0302561 0.0302561 1 
1 725 0 0 0 0.740901 0.0863663 0.0863663 0.0863663 1 
1 730 0 0 0 0.548909 0.150364 0.150364 0.150364 1 
1 735 0 0 0 0.389629 0.203457 0.203457 0.203457 1 
1 740 0 0 0 0.293182 0.235606 0.235606 0.235606 1 
1 745 0 0 0 0.255508 0.248164 0.248164 0.248164 1 
1 750 0 0 0 0.250051 0.249983 0.249983 0.249983 1 
1 755 0 0 0 0.2506 0.2498 0.2498 0.2498 1 
1 760 0 0 0 0.250569 0.24981 0.24981 0.24981 1 
1 765 0 0 0 0.266718 0.244427 0.244427 0.244427 1 
1 770 0 0 0 0.325248 0.224917 0.224917 0.224917 1 
1 775 0 0 0 0.439306 0.186898 0.186898 0.186898 1 
1 780 0 0 0 0.592558 0.135814 0.135814 0.135814 1 
1 785 0 0 0 0.740095 0.0866349 0.0866349 0.0866349 1 
1 790 0 0 0 0.827599 0.0574669 0.0574669 0.0574669 1 
1 795 0 0 0 0.818561 0.0604798 0.0604798 0.0604798 1 
1 800 0 0 0 0.714058 0.095314 0.095314 0.095314 1 
1 805 0 0 0 0.553472 0.148843 0.148843 0.148843 1 
1 810 0 0 0 0.395284 0.201572 0.201572 0.201572 1 
1 815 0 0 0 0.288495 0.237168 0.237168 0.237168 1 
1 820 0 0 0 0.250503 0.249832 0.249832 0.249832 1 
1 825 0 0 0 0.263351 0.24555 0.24555 0.24555 1 
1 830 0 0 0 0.289494 0.236835 0.236835 0.236835 1 
1 835 0 0 0 0.296959 0.234347 0.234347 0.234347 1 
1 840 0 0 0 0.278625 0.240458 0.240458 0.240458 1 
1 845 0 0 0 0.254375 0.248542 0.248542 0.248542 1 
1 850 0 0 0 0.25545 0.248183 0.248183 0.248183 1 
1 855 0 0 0 0.301229 0.232924 0.232924 0.232924 1 
1 860 0 0 0 0.38325 0.205583 0.205583 0.205583 1 
1 865 0 0 0 0.466822 0.177726 0.177726 0.177726 1 
1 870 0 0 0 0.509852 0.163383 0.163383 0.163383 1 
1 875 0 0 0 0.487849 0.170717 0.170717 0.170717 1 
1 880 0 0 0 0.410006 0.196665 0.196665 0.196665 1 
1 885 0 0 0 0.316245 0.227918 0.227918 0.227918 1 
1 890 0 0 0 0.256242 0.247919 0.247919 0.247919 1 
1 895 0 0 0 0.262186 0.245938 0.245938 0.245938 1 
1 900 0 0 0 0.330878 0.223041 0.223041 0.223041 1 
1 905 0 0 0 0.425517 0.191494 0.191494 0.191494 1 
1 910 0 0 0 0.496134 0.167955 0.167955 0.167955 1 
1 915 0 0 0 0.506886 0.164371 0.164371 0.164371 1 
1 920 0 0 0 0.454589 0.181804 0.181804 0.181804 1 
1 925 0 0 0 0.368225 0.210592 0.210592 0.210592 1 
1 930 0 0 0 0.290411 0.23653 0.23653 0.23653 1 
1 935 0 0 0 0.252379 0.249207 0.249207 0.249207 1 
1 940 0 0 0 0.257498 0.247501 0.247501 0.247501 1 
1 945 0 0 0 0.282912 0.239029 0.239029 0.239029 1 
1 950 0 0 0 0.29769 0.234103 0.234103 0.234103 1 
1 955 0 0 0 0.285788 0.238071 0.238071 0.238071 1 
1 960 0 0 0 0.259181 0.24694 0.24694 0.24694 1 
1 965 0 0 0 0.252468 0.249177 0.249177 0.249177 1 
1 970 0 0 0 0.301593 0.232802 0.232802 0.232802 1 
1 975 0 0 0 0.419232 0.193589 0.193589 0.193589 1 
1 980 0 0 0 0.581848 0.139384 0.139384 0.139384 1 
1 985 0 0 0 0.736938 0.0876872 0.0876872 0.0876872 1 
1 990 0 0 0 0.827294 0.0575687 0.0575687 0.0575687 1 
1 995 0 0 0 0.819076 0.0603079 0.0603079 0.0603079 1 
1 1000 0 0 0 0.718154 0.0939485 0.0939485 0.0939485 1 
1 1005 0 0 0 0.565792 0.144736 0.144736 0.144736 1 
1 1010 0 0 0 0.416597 0.194468 0.194468 0.194468 1 
1 1015 0 0 0 0.311607 0.229464 0.229464 0.229464 1 
1 1020 0 0 0 0.261727 0.246091 0.246091 0.246091 1 
1 1025 0 0 0 0.25013 0.249957 0.249957 0.249957 1 
1 1030 0 0 0 0.250689 0.24977 0.24977 0.24977 1 
1 1035 0 0 0 0.250005 0.249998 0.249998 0.249998 1 
1 1040 0 0 0 0.258726 0.247091 0.247091 0.247091 1 
1 1045 0 0 0 0.304751 0.23175 0.23175 0.23175 1 
1 1050 0 0 0 0.412326 0.195891 0.195891 0.195891 1 
1 1055 0 0 0 0.580113 0.139962 0.139962 0.139962 1 
1 1060 0 0 0 0.772485 0.0758385 0.0758385 0.0758385 1 
1 1065 0 0 0 0.930768 0.0230774 0.0230774 0.0230774 1 
1 1070 0 0 0 0.999411 0.000196302 0.000196302 0.000196302 1 
1 1075 0 0 0 0.952939 0.0156868 0.0156868 0.0156868 1 
1 1080 0 0 0 0.808679 0.0637736 0.0637736 0.0637736 1 
1 1085 0 0 0 0.618083 0.127306 0.127306 0.127306 1 
1 1090 0 0 0 0.441549 0.18615 0.18615 0.18615 1 
1 1095 0 0 0 0.320806 0.226398 0.226398 0.226398 1 
1 1100 0 0 0 0.263926 0.245358 0.245358 0.245358 1 
1 1105 0 0 0 0.250245 0.249918 0.249918 0.249918 1 
1 1110 0 0 0 0.250671 0.249776 0.249776 0.249776 1 
1 1115 0 0 0 0.250001 0.25 0.25 0.25 1 
1 1120 0 0 0 0.257219 0.247594 0.247594 0.247594 1 
1 1125 0 0 0 0.297517 0.234161 0.234161 0.234161 1 
1 1130 0 0 0 0.391374 0.202875 0.202875 0.202875 1 
1 1135 0 0 0 0.534217 0.155261 0.155261 0.155261 1 
1 1140 0 0 0 0.690229 0.103257 0.103257 0.103257 1 
1 1145 0 0 0 0.805486 0.064838 0.064838 0.064838 1 
1 1150 0 0 0 0.833932 0.0553561 0.0553561 0.0553561 1 
1 1155 0 0 0 0.761631 0.0794562 0.0794562 0.0794562 1 
1 1160 0 0 0 0.61523 0.128257 0.128257 0.128257 1 
1 1165 0 0 0 0.449359 0.183547 0.183547 0.183547 1 
1 1170 0 0 0 0.319741 0.226753 0.226753 0.226753 1 
1 1175 0 0 0 0.256918 0.247694 0.247694 0.247694 1 
1 1180 0 0 0 0.25497 0.248343 0.248343 0.248343 1 
1 1185 0 0 0 0.280792 0.239736 0.239736 0.239736 1 
1 1190 0 0 0 0.297493 0.234169 0.234169 0.234169 1 
1 1195 0 0 0 0.287552 0.237483 0.237483 0.237483 1 
1 1200 0 0 0 0.261955 0.246015 0.246015 0.246015 1 
1 1205 0 0 0 0.250388 0.249871 0.249871 0.249871 1 
1 1210 0 0 0 0.279124 0.240292 0.240292 0.240292 1 
1 1215 0 0 0 0.350765 0.216412 0.216412 0.216412 1 
1 1220 0 0 0 0.438808 0.187064 0.187064 0.187064 1 
1 1225 0 0 0 0.500973 0.166342 0.166342 0.166342 1 
1 1230 0 0 0 0.50367 0.165443 0.165443 0.165443 1 
1 1235 0 0 0 0.442979 0.185674 0.185674 0.185674 1 
1 1240 0 0 0 0.349206 0.216931 0.216931 0.216931 1 
1 1245 0 0 0 0.271622 0.242793 0.242793 0.242793 1 
1 1250 0 0 0 0.251712 0.249429 0.249429 0.249429 1 
1 1255 0 0 0 0.300188 0.233271 0.233271 0.233271 1 
1 1260 0 0 0 0.391013 0.202996 0.202996 0.202996 1 
1 1265 0 0 0 0.475897 0.174701 0.174701 0.174701 1 
1 1270 0 0 0 0.510891 0.163036 0.163036 0.163036 1 
1 1275 0 0 0 0.479788 0.173404 0.173404 0.173404 1 
1 1280 0 0 0 0.401139 0.19962 0.19962 0.19962 1 
1 1285 0 0 0 0.315458 0.228181 0.228181 0.228181 1 
1 1290 0 0 0 0.260813 0.246396 0.246396 0.246396 1 
1 1295 0 0 0 0.251643 0.249452 0.249452 0.249452 1 
1 1300 0 0 0 0.273299 0.242234 0.242234 0.242234 1 
1 1305 0 0 0 0.295068 0.234977 0.234977 0.234977 1 
1 1310 0 0 0 0.293122 0.235626 0.235626 0.235626 1 
1 1315 0 0 0 0.268748 0.243751 0.243751 0.243751 1 
1 1320 0 0 0 0.250073 0.249976 0.249976 0.249976 1 
1 1325 0 0 0 0.275574 0.241475 0.241475 0.241475 1 
1 1330 0 0 0 0.368859 0.21038 0.21038 0.21038 1 
1 1335 0 0 0 0.519948 0.160017 0.160017 0.160017 1 
1 1340 0 0 0 0.684831 0.105056 0.105056 0.105056 1 
1 1345 0 0 0 0.804609 0.0651304 0.0651304 0.0651304 1 
1 1350 0 0 0 0.834066 0.0553112 0.0553112 0.0553112 1 
1 1355 0 0 0 0.763863 0.0787123 0.0787123 0.0787123 1 
1 1360 0 0 0 0.624115 0.125295 0.125295 0.125295 1 
1 1365 0 0 0 0.467754 0.177415 0.177415 0.177415 1 
1 1370 0 0 0 0.343549 0.218817 0.218817 0.218817 1 
1 1375 0 0 0 0.274234 0.241922 0.241922 0.241922 1 
1 1380 0 0 0 0.251657 0.249448 0.249448 0.249448 1 
1 1385 0 0 0 0.250399 0.249867 0.249867 0.249867 1 
1 1390 0 0 0 0.250252 0.249916 0.249916 0.249916 1 
1 1395 0 0 0 0.252848 0.249051 0.249051 0.249051 1 
1 1400 0 0 0 0.28166 0.239447 0.239447 0.239447 1 
1 1405 0 0 0 0.365104 0.211632 0.211632 0.211632 1 
1 1410 0 0 0 0.513183 0.162272 0.162272 0.162272 1 
1 1415 0 0 0 0.7026 0.0991332 0.0991332 0.0991332 1 
1 1420 0 0 0 0.880639 0.0397871 0.0397871 0.0397871 1 
1 1425 0 0 0 0.987157 0.00428097 0.00428097 0.00428097 1 
1 1430 0 0 0 0.98316 0.0056132 0.0056132 0.0056132 1 
1 1435 0 0 0 0.870144 0.0432853 0.0432853 0.0432853 1 
1 1440 0 0 0 0.689344 0.103552 0.103552 0.103552 1 
1 1445 0 0 0 0.501317 0.166228 0.166228 0.166228 1 
1 1450 0 0 0 0.357308 0.214231 0.214231 0.214231 1 
1 1455 0 0 0 0.278232 0.240589 0.240589 0.240589 1 
1 1460 0 0 0 0.252183 0.249272 0.249272 0.249272 1 
1 1465 0 0 0 0.250335 0.249888 0.249888 0.249888 1 
1 1470 0 0 0 0.250318 0.249894 0.249894 0.249894 1 
1 1475 0 0 0 0.252209 0.249264 0.249264 0.249264 1 
1 1480 0 0 0 0.277242 0.240919 0.240919 0.240919 1 
1 1485 0 0 0 0.350351 0.21655 0.21655 0.21655 1 
1 1490 0 0 0 0.477838 0.174054 0.174054 0.174054 1 
1 1495 0 0 0 0.634811 0.12173 0.12173 0.12173 1 
1 1500 0 0 0 0.771381 0.0762063 0.0762063 0.0762063 1 
1 1505 0 0 0 0.83535 0.0548832 0.0548832 0.0548832 1 
1 1510 0 0 0 0.798962 0.0670127 0.0670127 0.0670127 1 
1 1515 0 0 0 0.674364 0.108545 0.108545 0.108545 1 
1 1520 0 0 0 0.508568 0.163811 0.163811 0.163811 1 
1 1525 0 0 0 0.36034 0.21322 0.21322 0.21322 1 
1 1530 0 0 0 0.271791 0.242736 0.242736 0.242736 1 
1 1535 0 0 0 0.250355 0.249882 0.249882 0.249882 1 
1 1540 0 0 0 0.270657 0.243114 0.243114 0.243114 1 
1 1545 0 0 0 0.294147 0.235284 0.235284 0.235284 1 
1 1550 0 0 0 0.294178 0.235274 0.235274 0.235274 1 
1 1555 0 0 0 0.271455 0.242848 0.242848 0.242848 1 
1 1560 0 0 0 0.250989 0.24967 0.24967 0.24967 1 
1 1565 0 0 0 0.26309 0.245637 0.245637 0.245637 1 
1 1570 0 0 0 0.320651 0.22645 0.22645 0.22645 1 
1 1575 0 0 0 0.40723 0.19759 0.19759 0.19759 1 
1 1580 0 0 0 0.483797 0.172068 0.172068 0.172068 1 
1 1585 0 0 0 0.510619 0.163127 0.163127 0.163127 1 
1 1590 0 0 0 0.471309 0.17623 0.17623 0.17623 1 
1 1595 0 0 0 0.384421 0.205193 0.205193 0.205193 1 
1 1600 0 0 0 0.295069 0.234977 0.234977 0.234977 1 
1 1605 0 0 0 0.250807 0.249731 0.249731 0.249731 1 
1 1610 0 0 0 0.275419 0.241527 0.241527 0.241527 1 
1 1615 0 0 0 0.355665 0.214778 0.214778 0.214778 1 
1 1620 0 0 0 0.448668 0.183777 0.183777 0.183777 1 
1 1625 0 0 0 0.505655 0.164782 0.164782 0.164782 1 
1 1630 0 0 0 0.498372 0.167209 0.167209 0.167209 1 
1 1635 0 0 0 0.433137 0.188954 0.188954 0.188954 1 
1 1640 0 0 0 0.344924 0.218359 0.218359 0.218359 1 
1 1645 0 0 0 0.275663 0.241446 0.241446 0.241446 1 
1 1650 0 0 0 0.250098 0.249967 0.249967 0.249967 1 
1 1655 0 0 0 0.263627 0.245458 0.245458 0.245458 1 
1 1660 0 0 0 0.288995 0.237002 0.237002 0.237002 1 
1 1665 0 0 0 0.297159 0.23428 0.23428 0.23428 1 
1 1670 0 0 0 0.278967 0.240344 0.240344 0.240344 1 
1 1675 0 0 0 0.253765 0.248745 0.248745 0.248745 1 
1 1680 0 0 0 0.25901 0.246997 0.246997 0.246997 1 
1 1685 0 0 0 0.326606 0.224465 0.224465 0.224465 1 
1 1690 0 0 0 0.460059 0.17998 0.17998 0.17998 1 
1 1695 0 0 0 0.626524 0.124492 0.124492 0.124492 1 
1 1700 0 0 0 0.76942 0.07686 0.07686 0.07686 1 
1 1705 0 0 0 0.835261 0.0549129 0.0549129 0.0549129 1 
1 1710 0 0 0 0.799997 0.0666678 0.0666678 0.0666678 1 
1 1715 0 0 0 0.680254 0.106582 0.106582 0.106582 1 
1 1720 0 0 0 0.523505 0.158832 0.158832 0.158832 1 
1 1725 0 0 0 0.383188 0.205604 0.205604 0.205604 1 
1 1730 0 0 0 0.293198 0.235601 0.235601 0.235601 1 
1 1735 0 0 0 0.255989 0.248004 0.248004 0.248004 1 
1 1740 0 0 0 0.250024 0.249992 0.249992 0.249992 1 
1 1745 0 0 0 0.250633 0.249789 0.249789 0.249789 1 
1 1750 0 0 0 0.250434 0.249855 0.249855 0.249855 1 
1 1755 0 0 0 0.266097 0.244634 0.244634 0.244634 1 
1 1760 0 0 0 0.326912 0.224363 0.224363 0.224363 1 
1 1765 0 0 0 0.452115 0.182628 0.182628 0.182628 1 
1 1770 0 0 0 0.631269 0.12291 0.12291 0.12291 1 
1 1775 0 0 0 0.820687 0.0597712 0.0597712 0.0597712 1 
1 1780 0 0 0 0.95964 0.0134532 0.0134532 0.0134532 1 
1 1785 0 0 0 0.998327 0.000557537 0.000557537 0.000557537 1 
1 1790 0 0 0 0.922307 0.0258977 0.0258977 0.0258977 1 
1 1795 0 0 0 0.759735 0.0800882 0.0800882 0.0800882 1 
1 1800 0 0 0 0.567315 0.144228 0.144228 0.144228 1 
1 1805 0 0 0 0.402873 0.199042 0.199042 0.199042 1 
1 1810 0 0 0 0.299833 0.233389 0.233389 0.233389 1 
1 1815 0 0 0 0.257298 0.247567 0.247567 0.247567 1 
1 1820 0 0 0 0.250003 0.249999 0.249999 0.249999 1 
1 1825 0 0 0 0.250664 0.249779 0.249779 0.249779 1 
1 1830 0 0 0 0.250265 0.249912 0.249912 0.249912 1 
1 1835 0 0 0 0.263618 0.245461 0.245461 0.245461 1 
1 1840 0 0 0 0.31696 0.22768 0.22768 0.22768 1 
1 1845 0 0 0 0.425684 0.191439 0.191439 0.191439 1 
1 1850 0 0 0 0.57668 0.141107 0.141107 0.141107 1 
1 1855 0 0 0 0.727273 0.090909 0.090909 0.090909 1 
1 1860 0 0 0 0.822875 0.0590415 0.0590415 0.0590415 1 
1 1865 0 0 0 0.824083 0.0586391 0.0586391 0.0586391 1 
1 1870 0 0 0 0.727843 0.090719 0.090719 0.090719 1 
1 1875 0 0 0 0.570312 0.143229 0.143229 0.143229 1 
1 1880 0 0 0 0.409317 0.196894 0.196894 0.196894 1 
1 1885 0 0 0 0.29602 0.23466 0.23466 0.23466 1 
1 1890 0 0 0 0.25148 0.249507 0.249507 0.249507 1 
1 1895 0 0 0 0.260822 0.246393 0.246393 0.246393 1 
1 1900 0 0 0 0.287359 0.237547 0.237547 0.237547 1 
1 1905 0 0 0 0.29749 0.23417 0.23417 0.23417 1 
1 1910 0 0 0 0.281201 0.2396 0.2396 0.2396 1 
1 1915 0 0 0 0.256148 0.247951 0.247951 0.247951 1 
1 1920 0 0 0 0.253471 0.248843 0.248843 0.248843 1 
1 1925 0 0 0 0.294674 0.235109 0.235109 0.235109 1 
1 1930 0 0 0 0.374316 0.208561 0.208561 0.208561 1 
1 1935 0 0 0 0.459697 0.180101 0.180101 0.180101 1 
1 1940 0 0 0 0.50832 0.163893 0.163893 0.163893 1 
1 1945 0 0 0 0.49297 0.16901 0.16901 0.16901 1 
1 1950 0 0 0 0.419279 0.193574 0.193574 0.193574 1 
1 1955 0 0 0 0.32482 0.22506 0.22506 0.22506 1 
1 1960 0 0 0 0.259539 0.24682 0.24682 0.24682 1 
1 1965 0 0 0 0.258431 0.24719 0.24719 0.24719 1 
1 1970 0 0 0 0.322091 0.22597 0.22597 0.22597 1 
1 1975 0 0 0 0.416387 0.194538 0.194538 0.194538 1 
1 1980 0 0 0 0.491425 0.169525 0.169525 0.169525 1 
1 1985 0 0 0 0.508873 0.163709 0.163709 0.163709 1 
1 1990 0 0 0 0.461978 0.179341 0.179341 0.179341 1 
1 1995 0 0 0 0.377118 0.207627 0.207627 0.207627 1 
1 2000 0 0 0 0.296691 0.234436 0.234436 0.234436 1 
1 2005 0 0 0 0.254043 0.248652 0.248652 0.248652 1 
1 2010 0 0 0 0.255565 0.248145 0.248145 0.248145 1 
1 2015 0 0 0 0.280401 0.239866 0.239866 0.239866 1 
1 2020 0 0 0 0.297354 0.234215 0.234215 0.234215 1 
1 2025 0 0 0 0.288051 0.237316 0.237316 0.237316 1 
1 2030 0 0 0 0.2616 0.246133 0.246133 0.246133 1 
1 2035 0 0 0 0.251115 0.249628 0.249628 0.249628 1 
1 2040 0 0 0 0.293579 0.235474 0.235474 0.235474 1 
1 2045 0 0 0 0.404852 0.198383 0.198383 0.198383 1 
1 2050 0 0 0 0.565021 0.144993 0.144993 0.144993 1 
1 2055 0 0 0 0.723576 0.0921412 0.0921412 0.0921412 1 
1 2060 0 0 0 0.822454 0.0591819 0.0591819 0.0591819 1 
1 2065 0 0 0 0.824465 0.0585118 0.0585118 0.0585118 1 
1 2070 0 0 0 0.731364 0.0895452 0.0895452 0.0895452 1 
1 2075 0 0 0 0.581671 0.139443 0.139443 0.139443 1 
1 2080 0 0 0 0.429918 0.190027 0.190027 0.190027 1 
1 2085 0 0 0 0.319502 0.226833 0.226833 0.226833 1 
1 2090 0 0 0 0.264547 0.245151 0.245151 0.245151 1 
1 2095 0 0 0 0.250345 0.249885 0.249885 0.249885 1 
1 2100 0 0 0 0.250647 0.249784 0.249784 0.249784 1 
1 2105 0 0 0 0.250013 0.249996 0.249996 0.249996 1 
1 2110 0 0 0 0.256699 0.247767 0.247767 0.247767 1 
1 2115 0 0 0 0.297677 0.234108 0.234108 0.234108 1 
1 2120 0 0 0 0.398642 0.200453 0.200453 0.200453 1 
1 2125 0 0 0 0.561497 0.146168 0.146168 0.146168 1 
1 2130 0 0 0 0.753846 0.0820512 0.0820512 0.0820512 1 
1 2135 0 0 0 0.918291 0.0272363 0.0272363 0.0272363 1 
1 2140 0 0 0 0.997647 0.000784445 0.000784445 0.000784445 1 
1 2145 0 0 0 0.962551 0.0124831 0.0124831 0.0124831 1 
1 2150 0 0 0 0.826109 0.0579636 0.0579636 0.0579636 1 
1 2155 0 0 0 0.63733 0.12089 0.12089 0.12089 1 
1 2160 0 0 0 0.457045 0.180985 0.180985 0.180985 1 
1 2165 0 0 0 0.329813 0.223396 0.223396 0.223396 1 
1 2170 0 0 0 0.267162 0.244279 0.244279 0.244279 1 
1 2175 0 0 0 0.250543 0.249819 0.249819 0.249819 1 
1 2180 0 0 0 0.250611 0.249796 0.249796 0.249796 1 
1 2185 0 0 0 0.250043 0.249986 0.249986 0.249986 1 
1 2190 0 0 0 0.255475 0.248175 0.248175 0.248175 1 
1 2195 0 0 0 0.291305 0.236232 0.236232 0.236232 1 
1 2200 0 0 0 0.37952 0.206827 0.206827 0.206827 1 
1 2205 0 0 0 0.518624 0.160459 0.160459 0.160459 1 
1 2210 0 0 0 0.675624 0.108125 0.108125 0.108125 1 
1 2215 0 0 0 0.797345 0.0675516 0.0675516 0.0675516 1 
1 2220 0 0 0 0.835708 0.054764 0.054764 0.054764 1 
1 2225 0 0 0 0.772866 0.0757115 0.0757115 0.0757115 1 
1 2230 0 0 0 0.631662 0.122779 0.122779 0.122779 1 
1 2235 0 0 0 0.465016 0.178328 0.178328 0.178328 1 
1 2240 0 0 0 0.32986 0.22338 0.22338 0.22338 1 
1 2245 0 0 0 0.260069 0.246644 0.246644 0.246644 1 
1 2250 0 0 0 0.25326 0.248913 0.248913 0.248913 1 
1 2255 0 0 0 0.278117 0.240628 0.240628 0.240628 1 
1 2260 0 0 0 0.296961 0.234346 0.234346 0.234346 1 
1 2265 0 0 0 0.289627 0.236791 0.236791 0.236791 1 
1 2270 0 0 0 0.264413 0.245196 0.245196 0.245196 1 
1 2275 0 0 0 0.25003 0.24999 0.24999 0.24999 1 
1 2280 0 0 0 0.274149 0.24195 0.24195 0.24195 1 
1 2285 0 0 0 0.342279 0.21924 0.21924 0.21924 1 
1 2290 0 0 0 0.430501 0.189833 0.189833 0.189833 1 
1 2295 0 0 0 0.497085 0.167638 0.167638 0.167638 1 
1 2300 0 0 0 0.50646 0.164513 0.164513 0.164513 1 
1 2305 0 0 0 0.451217 0.182928 0.182928 0.182928 1 
1 2310 0 0 0 0.358646 0.213785 0.213785 0.213785 1 
1 2315 0 0 0 0.27725 0.240917 0.240917 0.240917 1 
1 2320 0 0 0 0.250505 0.249832 0.249832 0.249832 1 
1 2325 0 0 0 0.292796 0.235735 0.235735 0.235735 1 
1 2330 0 0 0 0.381396 0.206201 0.206201 0.206201 1 
1 2335 0 0 0 0.469128 0.176957 0.176957 0.176957 1 
1 2340 0 0 0 0.510386 0.163205 0.163205 0.163205 1 
1 2345 0 0 0 0.485554 0.171482 0.171482 0.171482 1 
1 2350 0 0 0 0.410006 0.196665 0.196665 0.196665 1 
1 2355 0 0 0 0.323079 0.22564 0.22564 0.22564 1 
1 2360 0 0 0 0.264207 0.245264 0.245264 0.245264 1 
1 2365 0 0 0 0.250742 0.249753 0.249753 0.249753 1 
1 2370 0 0 0 0.270612 0.243129 0.243129 0.243129 1 
1 2375 0 0 0 0.293731 0.235423 0.235423 0.235423 1 
1 2380 0 0 0 0.294576 0.235141 0.235141 0.235141 1 
1 2385 0 0 0 0.271536 0.242821 0.242821 0.242821 1 
1 2390 0 0 0 0.250551 0.249816 0.249816 0.249816 1 
1 2395 0 0 0 0.270167 0.243278 0.243278 0.243278 1 
1 2400 0 0 0 0.356534 0.214489 0.214489 0.214489 1 
1 2405 0 0 0 0.503382 0.165539 0.165539 0.165539 1 
1 2410 0 0 0 0.669501 0.110166 0.110166 0.110166 1 
1 2415 0 0 0 0.796232 0.0679227 0.0679227 0.0679227 1 
1 2420 0 0 0 0.835777 0.0547409 0.0547409 0.0547409 1 
1 2425 0 0 0 0.77471 0.0750966 0.0750966 0.0750966 1 
1 2430 0 0 0 0.639681 0.120106 0.120106 0.120106 1 
1 2435 0 0 0 0.482508 0.172497 0.172497 0.172497 1 
1 2440 0 0 0 0.353557 0.215481 0.215481 0.215481 1 
1 2445 0 0 0 0.278697 0.240434 0.240434 0.240434 1 
1 2450 0 0 0 0.252497 0.249168 0.249168 0.249168 1 
1 2455 0 0 0 0.250281 0.249906 0.249906 0.249906 1 
1 2460 0 0 0 0.250372 0.249876 0.249876 0.249876 1 
1 2465 0 0 0 0.251916 0.249361 0.249361 0.249361 1 
1 2470 0 0 0 0.276746 0.241085 0.241085 0.241085 1 
1 2475 0 0 0 0.353841 0.215386 0.215386 0.215386 1 
1 2480 0 0 0 0.495951 0.168016 0.168016 0.168016 1 
1 2485 0 0 0 0.68326 0.10558 0.10558 0.10558 1 
1 2490 0 0 0 0.865227 0.0449244 0.0449244 0.0449244 1 
1 2495 0 0 0 0.981154 0.00628202 0.00628202 0.00628202 1 
1 2500 0 0 0 0.988811 0.00372953 0.00372953 0.00372953 1 
1 2505 0 0 0 0.885334 0.038222 0.038222 0.038222 1 
1 2510 0 0 0 0.708658 0.0971139 0.0971139 0.0971139 1 
1 2515 0 0 0 0.51869 0.160437 0.160437 0.160437 1 
1 2520 0 0 0 0.368781 0.210406 0.210406 0.210406 1 
1 2525 0 0 0 0.283318 0.238894 0.238894 0.238894 1 
1 2530 0 0 0 0.253192 0.248936 0.248936 0.248936 1 
1 2535 0 0 0 0.250216 0.249928 0.249928 0.249928 1 
1 2540 0 0 0 0.250435 0.249855 0.249855 0.249855 1 
1 2545 0 0 0 0.251437 0.249521 0.249521 0.249521 1 
1 2550 0 0 0 0.272932 0.242356 0.242356 0.242356 1 
1 2555 0 0 0 0.340522 0.219826 0.219826 0.219826 1 
1 2560 0 0 0 0.463187 0.178938 0.178938 0.178938 1 
1 2565 0 0 0 0.619188 0.126937 0.126937 0.126937 1 
1 2570 0 0 0 0.760307 0.0798977 0.0798977 0.0798977 1 
1 2575 0 0 0 0.833318 0.0555608 0.0555608 0.0555608 1 
1 2580 0 0 0 0.807051 0.0643162 0.0643162 0.0643162 1 
1 2585 0 0 0 0.689555 0.103482 0.103482 0.103482 1 
1 2590 0 0 0 0.525187 0.158271 0.158271 0.158271 1 
1 2595 0 0 0 0.372857 0.209048 0.209048 0.209048 1 
1 2600 0 0 0 0.277417 0.240861 0.240861 0.240861 1 
1 2605 0 0 0 0.250014 0.249995 0.249995 0.249995 1 
1 2610 0 0 0 0.267879 0.24404 0.24404 0.24404 1 
1 2615 0 0 0 0.292614 0.235795 0.235795 0.235795 1 
1 2620 0 0 0 0.295436 0.234855 0.234855 0.234855 1 
1 2625 0 0 0 0.274143 0.241952 0.241952 0.241952 1 
1 2630 0 0 0 0.251994 0.249335 0.249335 0.249335 1 
1 2635 0 0 0 0.259845 0.246718 0.246718 0.246718 1 
1 2640 0 0 0 0.31313 0.228957 0.228957 0.228957 1 
1 2645 0 0 0 0.398337 0.200554 0.200554 0.200554 1 
1 2650 0 0 0 0.477873 0.174042 0.174042 0.174042 1 
1 2655 0 0 0 0.510908 0.163031 0.163031 0.163031 1 
1 2660 0 0 0 0.477918 0.174027 0.174027 0.174027 1 
1 2665 0 0 0 0.394024 0.201992 0.201992 0.201992 1 
1 2670 0 0 0 0.302604 0.232465 0.232465 0.232465 1 
1 2675 0 0 0 0.252239 0.249254 0.249254 0.249254 1 
1 2680 0 0 0 0.269975 0.243342 0.243342 0.243342 1 
1 2685 0 0 0 0.346272 0.217909 0.217909 0.217909 1 
1 2690 0 0 0 0.440317 0.186561 0.186561 0.186561 1 
1 2695 0 0 0 0.502656 0.165781 0.165781 0.165781 1 
1 2700 0 0 0 0.502069 0.165977 0.165977 0.165977 1 
1 2705 0 0 0 0.441366 0.186211 0.186211 0.186211 1 
1 2710 0 0 0 0.353469 0.21551 0.21551 0.21551 1 
1 2715 0 0 0 0.280781 0.23974 0.23974 0.23974 1 
1 2720 0 0 0 0.250586 0.249805 0.249805 0.249805 1 
1 2725 0 0 0 0.26121 0.246263 0.246263 0.246263 1 
1 2730 0 0 0 0.286863 0.237712 0.237712 0.237712 1 
1 2735 0 0 0 0.297601 0.234133 0.234133 0.234133 1 
1 2740 0 0 0 0.281611 0.239463 0.239463 0.239463 1 
1 2745 0 0 0 0.255566 0.248145 0.248145 0.248145 1 
1 2750 0 0 0 0.256058 0.247981 0.247981 0.247981 1 
1 2755 0 0 0 0.316704 0.227765 0.227765 0.227765 1 
1 2760 0 0 0 0.444515 0.185162 0.185162 0.185162 1 
1 2765 0 0 0 0.610024 0.129992 0.129992 0.129992 1 
1 2770 0 0 0 0.757943 0.0806857 0.0806857 0.0806857 1 
1 2775 0 0 0 0.83316 0.0556132 0.0556132 0.0556132 1 
1 2780 0 0 0 0.807863 0.0640458 0.0640458 0.0640458 1 
1 2785 0 0 0 0.694736 0.101755 0.101755 0.101755 1 
1 2790 0 0 0 0.539149 0.153617 0.153617 0.153617 1 
1 2795 0 0 0 0.395206 0.201598 0.201598 0.201598 1 
1 2800 0 0 0 0.299583 0.233472 0.233472 0.233472 1 
1 2805 0 0 0 0.257834 0.247389 0.247389 0.247389 1 
1 2810 0 0 0 0.25 0.25 0.25 0.25 1 
1 2815 0 0 0 0.250683 0.249772 0.249772 0.249772 1 
1 2820 0 0 0 0.250179 0.24994 0.24994 0.24994 1 
1 2825 0 0 0 0.263001 0.245666 0.245666 0.245666 1 
1 2830 0 0 0 0.318112 0.227296 0.227296 0.227296 1 
1 2835 0 0 0 0.436799 0.187734 0.187734 0.187734 1 
1 2840 0 0 0 0.612066 0.129311 0.129311 0.129311 1 
1 2845 0 0 0 0.803103 0.0656322 0.0656322 0.0656322 1 
1 2850 0 0 0 0.949712 0.0167627 0.0167627 0.0167627 1 
1 2855 0 0 0 0.999723 9.23388e-05 9.23388e-05 9.23388e-05 1 
1 2860 0 0 0 0.934502 0.0218328 0.0218328 0.0218328 1 
1 2865 0 0 0 0.778274 0.0739088 0.0739088 0.0739088 1 
1 2870 0 0 0 0.58602 0.137993 0.137993 0.137993 1 
1 2875 0 0 0 0.416755 0.194415 0.194415 0.194415 1 
1 2880 0 0 0 0.307103 0.230966 0.230966 0.230966 1 
1 2885 0 0 0 0.259438 0.246854 0.246854 0.246854 1 
1 2890 0 0 0 0.250017 0.249994 0.249994 0.249994 1 
1 2895 0 0 0 0.250696 0.249768 0.249768 0.249768 1 
1 2900 0 0 0 0.250086 0.249971 0.249971 0.249971 1 
1 2905 0 0 0 0.260922 0.246359 0.246359 0.246359 1 
1 2910 0 0 0 0.309244 0.230252 0.230252 0.230252 1 
1 2915 0 0 0 0.412507 0.195831 0.195831 0.195831 1 
1 2920 0 0 0 0.560809 0.146397 0.146397 0.146397 1 
1 2925 0 0 0 0.713894 0.0953687 0.0953687 0.0953687 1 
1 2930 0 0 0 0.817186 0.0609378 0.0609378 0.0609378 1 
1 2935 0 0 0 0.828607 0.0571311 0.0571311 0.0571311 1 
1 2940 0 0 0 0.741003 0.0863324 0.0863324 0.0863324 1 
1 2945 0 0 0 0.587124 0.137625 0.137625 0.137625 1 
1 2950 0 0 0 0.423849 0.19205 0.19205 0.19205 1 
1 2955 0 0 0 0.304257 0.231914 0.231914 0.231914 1 
1 2960 0 0 0 0.253009 0.248997 0.248997 0.248997 1 
1 2965 0 0 0 0.25846 0.24718 0.24718 0.24718 1 
1 2970 0 0 0 0.285041 0.23832 0.23832 0.23832 1 
1 2975 0 0 0 0.297736 0.234088 0.234088 0.234088 1 
1 2980 0 0 0 0.283678 0.238774 0.238774 0.238774 1 
1 2985 0 0 0 0.25815 0.247283 0.247283 0.247283 1 
1 2990 0 0 0 0.25195 0.24935 0.24935 0.24935 1 
1 2995 0 0 0 0.288524 0.237159 0.237159 0.237159 1 
1 3000 0 0 0 0.365449 0.211517 0.211517 0.211517 1 
