9.999999999999997780e-01
9.423293354365477326e-01
7.907755755540768483e-01
5.989809669686260163e-01
4.266225080687069404e-01
3.124475726717341195e-01
2.611213858508032448e-01
2.500745010840565996e-01
2.506973111251240560e-01
2.500232979737195826e-01
2.592981677010810504e-01
3.042975796110449216e-01
4.037729821711860678e-01
5.500001913078476079e-01
7.044657531907794201e-01
8.127622001359228188e-01
8.311129300203834447e-01
7.495955796608391175e-01
5.985413005898883032e-01
4.340212322889238639e-01
3.102770578070472296e-01
2.543825762074536367e-01
2.569672116444323695e-01
2.833707444998012082e-01
2.977370933656180441e-01
2.852925287890848427e-01
2.596266748321953699e-01
2.511711387965096520e-01
2.845833143112307950e-01
3.594804345050451322e-01
4.469023374148139993e-01
5.042659931168993470e-01
5.001965398242819161e-01
4.343357468599320370e-01
3.398669690826859879e-01
2.665563441000116107e-01
2.536457336615066671e-01
3.080823197261680635e-01
4.006432398034970310e-01
4.821971372278146539e-01
5.107072570041675252e-01
4.734756870442816123e-01
3.921263495862602477e-01
3.081007297339539153e-01
2.578702282023686565e-01
2.528771299069598744e-01
2.760064804621604750e-01
2.961573806398501985e-01
2.914037189129606853e-01
2.659781169836250569e-01
2.500476627661839535e-01
2.817502992789434613e-01
3.819313262104075957e-01
5.368523251285851616e-01
6.998688953879033114e-01
8.121422195255478815e-01
8.312972530002631366e-01
7.521655813893406428e-01
6.081948981230325124e-01
4.531631148504540185e-01
3.339954001228850888e-01
2.702006852448270990e-01
2.510168490873748715e-01
2.505106398169897330e-01
2.501386875646604002e-01
2.540530438378846290e-01
2.872116187132195408e-01
3.772093118295023473e-01
5.311071097742781077e-01
7.221145032637062977e-01
8.955366128280601856e-01
9.920967082064138243e-01
9.762854253705607332e-01
8.540171714795425917e-01
6.696642401040782122e-01
4.841415474190547963e-01
3.463371169795030902e-01
2.736139113587231497e-01
2.513961643625095554e-01
2.504530970882031249e-01
2.501988143896222705e-01
2.532248385044748029e-01
2.821318786871772066e-01
3.609331936434588828e-01
4.930718703388974333e-01
6.505091469924556558e-01
7.818969946485382350e-01
8.363645545019213756e-01
7.897939084724006076e-01
6.584572173640663717e-01
4.918262125823891773e-01
3.482205355218667142e-01
2.667683414407596709e-01
2.511380760039921833e-01
2.735108070104773637e-01
2.954466215979356103e-01
2.926401045608850726e-01
2.687289383156802325e-01
2.503117135386802583e-01
2.668924253768042432e-01
3.286476298248441341e-01
4.162103432670641867e-01
4.893192733352925705e-01
5.096154182444592173e-01
4.640439493921568181e-01
3.745785735749622147e-01
2.878479048303770882e-01
2.500818516076954712e-01
2.815823494790724579e-01
3.654096850110136185e-01
4.568259253962418942e-01
5.080342913844484443e-01
4.939674934520988381e-01
4.244701574549268885e-01
3.363835019433694118e-01
2.708949541905810721e-01
2.500200966901572341e-01
2.662269190093419224e-01
2.909848371343044526e-01
2.964090755532018395e-01
2.761670368484846483e-01
2.522350627695780778e-01
2.627040858590198313e-01
3.374758873809974302e-01
4.763699814196490911e-01
6.432136076610499575e-01
7.803830187137262842e-01
8.363413093683009780e-01
7.910206616126004286e-01
6.649913019359645627e-01
5.076187670786784789e-01
3.713852325615237815e-01
2.872018774551438058e-01
2.544172511783413526e-01
2.500997644411403487e-01
2.505511809276902424e-01
2.508478946480650063e-01
2.697580705804876744e-01
3.366602015531042214e-01
4.684688835095061621e-01
6.511619964887480627e-01
8.382620490837846550e-01
9.687979696801138907e-01
9.956647415541433066e-01
9.088204262232523201e-01
7.403199210926658669e-01
5.483465392504091040e-01
3.892275117472755452e-01
2.929833094829609186e-01
2.554564386554900590e-01
2.500532041824497509e-01
2.505974818151642802e-01
2.505807399534425439e-01
2.668255569824798390e-01
3.255274690243148972e-01
4.397592897301545456e-01
5.930814922776703746e-01
7.405107932010489558e-01
8.277400347706387329e-01
8.183578553832656644e-01
7.135815118192234685e-01
5.528991400449267957e-01
3.948122321449474281e-01
2.882481444577882357e-01
2.504786539961458836e-01
2.634415517518432504e-01
2.895655635535397954e-01
2.969347355123188592e-01
2.785320972370521342e-01
2.543167743404444736e-01
2.555293402860234764e-01
3.014731191092546170e-01
3.835756044652745000e-01
4.670753129098902945e-01
5.098956456942493887e-01
4.876477740655877913e-01
4.096576000870948420e-01
3.159308318165444662e-01
2.561315313580979636e-01
2.623410947973472962e-01
3.312178524972034799e-01
4.258613392854101454e-01
4.963027125127386641e-01
5.067956168336061884e-01
4.542947986997836751e-01
3.678790996964091398e-01
2.901729034831793674e-01
2.523226825180009403e-01
2.575792093611115052e-01
2.830100811589627563e-01
2.976970323282286390e-01
2.856926664993831855e-01
2.590869352513122670e-01
2.525347760110151496e-01
3.019363374038106507e-01
4.198349433983696866e-01
5.825440014430213198e-01
7.374809261934459625e-01
8.274745137546903884e-01
8.188288051105595544e-01
7.175840401198761986e-01
5.651180887829381216e-01
4.160387092617918725e-01
3.112809032612261495e-01
2.616142872918293949e-01
2.501233173808917742e-01
2.506902795473313628e-01
2.500062680324637854e-01
2.588235500213639240e-01
3.050780078668353656e-01
4.129478563472310793e-01
5.809503053233702197e-01
7.733123190036648165e-01
9.313083140242477409e-01
9.994631550445283175e-01
9.524786891343122175e-01
8.078716251572609641e-01
6.172038732100315617e-01
4.408490418927048515e-01
3.204053403825664059e-01
2.637867418088090110e-01
2.502348059789010204e-01
2.506726252511607411e-01
2.500008100753008944e-01
2.573094360489575072e-01
2.978265339139915535e-01
3.919535868855807959e-01
5.349696454719921057e-01
6.909231449472783559e-01
8.058580115960054524e-01
8.338191343274242717e-01
7.610630128627221547e-01
6.144188595512029005e-01
4.485969545757246824e-01
3.192585689534845894e-01
2.567775981258617612e-01
2.550628166590195867e-01
2.809230066735321496e-01
2.975123702668960868e-01
2.874420790987039509e-01
2.618338987546696139e-01
2.504172540986923656e-01
2.793908722149642809e-01
3.512058658568852909e-01
4.392301177333587381e-01
5.011577853665576399e-01
5.035064315995000372e-01
4.425388951916551239e-01
3.487151671709023959e-01
2.713418837055189270e-01
2.517959610802107395e-01
3.005933571813551031e-01
3.915238840615844484e-01
4.762447645865983681e-01
5.108987546990377826e-01
4.794626194312536782e-01
4.006572013506004559e-01
3.150533345741128866e-01
2.606420196856935600e-01
2.517022665035116846e-01
2.734465171854638665e-01
2.951342374986981598e-01
2.930343345963717927e-01
2.685935079008761606e-01
2.500596568209629833e-01
2.758973643553648825e-01
3.695702871085357333e-01
5.208884111525220462e-01
6.856858854842056150e-01
8.050576378603444549e-01
8.339378631190745850e-01
7.632199712408329617e-01
6.232144598475797270e-01
4.669124826324921873e-01
3.429868277697025736e-01
2.739899335903852595e-01
2.516149706720813284e-01
2.504062218814071539e-01
2.502455173264820365e-01
2.529106649457093514e-01
2.819684936002847531e-01
3.657942555149789055e-01
5.142247704682585407e-01
7.037545813067281886e-01
8.815412996351514874e-01
9.874829520679117012e-01
9.827828468910366766e-01
8.691997801752908703e-01
6.881658926053303427e-01
5.002697831303741793e-01
3.566262232013850952e-01
2.779364446330415683e-01
2.521287472953316344e-01
2.503420194683869671e-01
2.503108327269511491e-01
2.522642259236553830e-01
2.775280268540584183e-01
3.509873330684337711e-01
4.787720194107178417e-01
6.357921719636207003e-01
7.720588678204521882e-01
8.354449513867181487e-01
7.984143389452755812e-01
6.733757833884352895e-01
5.075055111191337787e-01
3.595538899248109099e-01
2.714510358971429782e-01
2.503918790056761656e-01
2.708389124745643750e-01
2.942383377633355224e-01
2.940864418021685855e-01
2.712780660720995884e-01
2.509344223194010515e-01
2.633210517398151262e-01
3.211614324892378414e-01
4.078189348414430482e-01
4.841747995850385622e-01
5.105747030180043389e-01
4.708464605067402831e-01
3.837723470687167127e-01
2.945755581638257459e-01
2.507360385944099601e-01
2.758107012671339175e-01
3.563115720653675655e-01
4.492271559334792830e-01
5.058367478828633690e-01
4.980944941188706343e-01
4.325591292365600360e-01
3.443387349820470344e-01
2.753235941597707015e-01
2.500797118351937853e-01
2.638013977429166657e-01
2.891377487691894066e-01
2.971170838110477330e-01
2.787766861533588769e-01
2.536484076158382339e-01
2.592434334180697686e-01
3.273381067467175942e-01
4.611830080789679487e-01
6.276978227541145650e-01
7.702150966788661179e-01
8.353728417224079994e-01
7.993940777538364184e-01
6.791888032896632454e-01
5.223738310610437363e-01
3.823319316100517451e-01
2.927529808726961891e-01
2.558665462056007311e-01
2.500281046920529437e-01
2.506282544349397456e-01
2.504583591426262634e-01
2.663444855494410124e-01
3.275930752148653591e-01
4.532810589258496892e-01
6.327113974769543736e-01
8.219863170739274416e-01
9.603467266315148798e-01
9.981744367067190149e-01
9.213476347003340949e-01
7.583155863568367128e-01
5.659034366232561508e-01
4.018398974558410330e-01
2.993020456671270924e-01
2.571486027696106014e-01
2.500049603571297130e-01
2.506599622994946097e-01
2.502832539300081649e-01
2.638434663486495801e-01
3.175838179949795337e-01
4.267309797342577760e-01
5.779228061585153231e-01
7.282993772988965997e-01
8.232821067248244917e-01
8.236831823125033702e-01
7.267751577066894342e-01
5.689771835643149256e-01
4.081830138677147168e-01
2.953943666234342125e-01
2.513823595867781813e-01
2.610187228029166029e-01
2.875379778643951112e-01
2.974578164482807874e-01
2.809961106923626328e-01
2.559952490031359718e-01
2.536142350618993957e-01
2.951927374314649022e-01
3.750435735646427404e-01
4.602942109709705631e-01
5.084704886690734060e-01
4.925712799107759832e-01
4.185222760710245460e-01
3.240991952463665449e-01
2.592406904082127372e-01
2.587175875430285377e-01
3.228114016688785615e-01
4.171572791496948596e-01
4.918422290083762083e-01
5.087316897348093114e-01
4.613708515717193093e-01
3.763657440187878622e-01
2.961444132854754718e-01
2.538839847380226500e-01
2.557200137038273535e-01
2.806185861557803918e-01
2.973935366991607987e-01
2.878644688694733111e-01
2.613860784328070896e-01
2.512098684490032818e-01
2.942420569553235721e-01
4.060758313582978896e-01
5.664804912943194326e-01
7.247622705363834239e-01
8.229153713780600343e-01
8.240327146512081979e-01
7.302303806807406428e-01
5.802778290949646145e-01
4.287283780950242873e-01
3.187830442077994597e-01
2.642816606987318240e-01
2.503212774357169712e-01
2.506520695510705554e-01
2.500093154119735761e-01
2.568657642618505377e-01
2.982842422822454265e-01
3.998428018048180155e-01
5.631578766279008441e-01
7.555370375432386432e-01
9.194536663770522811e-01
9.978545226169934779e-01
9.617211765052212646e-01
8.245457868125358747e-01
6.355711285419058942e-01
4.556066755592415030e-01
3.289612889908126170e-01
2.668465916042103703e-01
2.505094427190109885e-01
2.506179243053500150e-01
2.500368037741387273e-01
2.556236253769060829e-01
2.918588501405136593e-01
3.806001247778113550e-01
5.200704939685443229e-01
6.770047517022877992e-01
7.981443510579153688e-01
8.355852216641883601e-01
7.718422926821539853e-01
6.301229668133765394e-01
4.635219202110396619e-01
3.288719568025127993e-01
2.597419244930849747e-01
2.534095907653657331e-01
2.783756947680676719e-01
2.970240993598619594e-01
2.894364164098029990e-01
2.641718504613056462e-01
2.500466591664441962e-01
2.746082048916135276e-01
3.430902558158397397e-01
4.313157741486762786e-01
4.974887374646858040e-01
5.062181240547307670e-01
4.504306765813241298e-01
3.577179285902423178e-01
2.766733721192115580e-01
2.505916393687255272e-01
2.935018655338710314e-01
3.823448695861555446e-01
4.698186924733655512e-01
5.104666495590677311e-01
4.850051586724583030e-01
4.091290766549734448e-01
3.223064176126939073e-01
2.638472445566721891e-01
2.508168700877505541e-01
2.708803019756262920e-01
2.938761745412021842e-01
2.944416742073633908e-01
2.712535718860732414e-01
2.504833846291676935e-01
2.706827812959792245e-01
3.577561490023408175e-01
5.050579610090465410e-01
6.710825140265416211e-01
7.971287833904245890e-01
8.356493962941077269e-01
7.736319748260851448e-01
6.380909566184704840e-01
4.809749280833086060e-01
3.524982410706143932e-01
2.782130412712343626e-01
2.523992040960377214e-01
2.502931159084699209e-01
2.503597355872638763e-01
2.520018393147113178e-01
2.772336404009583255e-01
3.549882634571113749e-01
4.977366169367161697e-01
6.852949552474095762e-01
8.668816804953969335e-01
9.818397595998052951e-01
9.882673926138373366e-01
8.837594127282522027e-01
7.066136048536681979e-01
5.168214770247089307e-01
3.675270637782518945e-01
2.827488282195577685e-01
2.530720575423364149e-01
2.502281137955177925e-01
2.504232552640238696e-01
2.515104976902930445e-01
2.733735283175222630e-01
3.415563262344625262e-01
4.647559650769579331e-01
6.208902103949029971e-01
7.615444323915301350e-01
8.335884648290070587e-01
8.062138351771701572e-01
6.879172104626360973e-01
5.233599517920527466e-01
3.714546071512982994e-01
2.767641959337445168e-01
2.500299840081027236e-01
2.681835821952066601e-01
2.927953915898391379e-01
2.953088305855212647e-01
2.738451812483523318e-01
2.518663328784936373e-01
2.601831945902665089e-01
3.139533139758748925e-01
3.993353247227698910e-01
4.785612970585980119e-01
5.109098656021623386e-01
4.772009135522378709e-01
3.929450901102078397e-01
3.017311826575815314e-01
2.520410782569888486e-01
2.705622836427862277e-01
3.473298619030219525e-01
4.412844582391604042e-01
5.030313490966854539e-01
5.016777218756482970e-01
4.404383753692940329e-01
3.524812601847634452e-01
2.801706173057829652e-01
2.505087970300240441e-01
2.614818275530839120e-01
2.871179113978551412e-01
2.975646143495577212e-01
2.813103304080629696e-01
2.553429790444017300e-01
2.563688671411064601e-01
3.178221263137666064e-01
4.463095464306204296e-01
6.119632572045484720e-01
7.593263667482178514e-01
8.334603907624520414e-01
8.069839962101272857e-01
6.930520543534910427e-01
5.372962107907732765e-01
3.937589202908189367e-01
2.987981544212778284e-01
2.575977741528727716e-01
2.500000022325132298e-01
2.506784964569330754e-01
2.502029919145176695e-01
2.633476397652150247e-01
3.191305706833780231e-01
4.386044136906885882e-01
6.143633452439446474e-01
8.052430815211066850e-01
9.509612231947505157e-01
9.996169096562806944e-01
9.330754333912901766e-01
7.760460458672071571e-01
5.837357945406372872e-01
4.150344421829624264e-01
3.061843196421396573e-01
2.591573790418074674e-01
2.500116817436700001e-01
2.506934560575926341e-01
2.501018920253568201e-01
2.612321744000287160e-01
3.101625738020446499e-01
4.141055651610072164e-01
5.627665253102760445e-01
7.155766681895231462e-01
8.179427073507126167e-01
8.281002419460993247e-01
7.394029390108463051e-01
5.850339082141313707e-01
4.220108343911808113e-01
3.031892718731112879e-01
2.527867856702268323e-01
2.587450900201024862e-01
2.853413515013984436e-01
2.977205954300435331e-01
2.833722930754915548e-01
2.578855242851163521e-01
2.521172630718523378e-01
2.892794341403813196e-01
